Zeit Energie
0 7.479606595
0.06666666667 7.473135733
0.1333333333 7.464593172
0.2 7.453296417
0.2666666667 7.438625498
0.3333333333 7.420033923
0.4 7.397057296
0.4666666667 7.369320258
0.5333333333 7.336541955
0.6 7.298539675
0.6666666667 7.255230744
0.7333333333 7.206632616
0.8 7.152861207
0.8666666667 7.094127511
0.9333333333 7.030732579
1 6.963060989
1.066666667 6.891572919
1.133333333 6.816794996
1.2 6.739310098
1.266666667 6.659746292
1.333333333 6.578765128
1.4 6.497049499
1.466666667 6.415291276
1.533333333 6.334178962
1.6 6.254385559
1.666666667 6.176556872
1.733333333 6.101300452
1.8 6.029175351
1.866666667 5.960682881
1.933333333 5.8962585
2 5.836264978
2.066666667 5.780986926
2.133333333 5.730626786
2.2 5.685302317
2.266666667 5.645045603
2.333333333 5.6098036
2.4 5.579440161
2.466666667 5.553739508
2.533333333 5.532411064
2.6 5.515095534
2.666666667 5.501372122
2.733333333 5.490766736
2.8 5.482761023
2.866666667 5.476802067
2.933333333 5.472312566
3 5.468701308
3.066666667 5.465373748
3.133333333 5.461742511
3.2 5.457237623
3.266666667 5.451316303
3.333333333 5.443472147
3.4 5.43324355
3.466666667 5.420221218
3.533333333 5.40405467
3.6 5.384457612
3.666666667 5.361212105
3.733333333 5.334171477
3.8 5.303261938
3.866666667 5.268482893
3.933333333 5.229905949
4 5.187672678
4.066666667 5.141991159
4.133333333 5.093131412
4.2 5.041419781
4.266666667 4.987232415
4.333333333 4.930987945
4.4 4.873139517
4.466666667 4.814166318
4.533333333 4.754564759
4.6 4.694839462
4.666666667 4.635494238
4.733333333 4.57702318
4.8 4.519902062
4.866666667 4.464580164
4.933333333 4.411472677
5 4.36095381
5.066666667 4.313350713
5.133333333 4.268938302
5.2 4.227935085
5.266666667 4.190500033
5.333333333 4.156730536
5.4 4.126661486
5.466666667 4.100265464
5.533333333 4.077454024
5.6 4.058080039
5.666666667 4.041941056
5.733333333 4.028783566
5.8 4.018308139
5.866666667 4.010175284
5.933333333 4.004011946
6 3.999418505
6.066666667 3.99597616
6.133333333 3.993254537
6.2 3.990819418
6.266666667 3.988240423
6.333333333 3.985098529
6.4 3.980993289
6.466666667 3.975549623
6.533333333 3.968424079
6.6 3.959310449
6.666666667 3.947944653
6.733333333 3.934108822
6.8 3.917634503
6.866666667 3.898404958
6.933333333 3.876356517
7 3.851478979
7.066666667 3.823815063
7.133333333 3.793458936
7.2 3.76055385
7.266666667 3.72528895
7.333333333 3.68789531
7.4 3.648641284
7.466666667 3.607827261
7.533333333 3.565779928
7.6 3.522846141
7.666666667 3.479386523
7.733333333 3.435768906
7.8 3.392361728
7.866666667 3.349527515
7.933333333 3.307616546
8 3.266960822
8.066666667 3.227868435
8.133333333 3.190618434
8.2 3.155456277
8.266666667 3.122589922
8.333333333 3.092186647
8.4 3.064370619
8.466666667 3.039221257
8.533333333 3.016772412
8.6 2.997012352
8.666666667 2.97988456
8.733333333 2.965289306
8.8 2.953085958
8.866666667 2.943095996
8.933333333 2.935106637
9 2.928875028
9.066666667 2.924132912
9.133333333 2.920591679
9.2 2.917947706
9.266666667 2.915887897
9.333333333 2.914095314
9.4 2.912254799
9.466666667 2.910058495
9.533333333 2.90721116
9.6 2.903435195
9.666666667 2.898475287
9.733333333 2.892102599
9.8 2.884118448
9.866666667 2.874357385
9.933333333 2.862689663
10 2.849023038
10.06666667 2.833303881
10.13333333 2.8155176
10.2 2.795688367
10.26666667 2.773878162
10.33333333 2.750185168
10.4 2.724741543
10.46666667 2.69771063
10.53333333 2.669283646
10.6 2.639675929
10.66666667 2.609122809
10.73333333 2.577875179
10.8 2.54619485
10.86666667 2.514349779
10.93333333 2.482609249
11 2.451239088
11.06666667 2.420497018
11.13333333 2.390628199
11.2 2.361861066
11.26666667 2.334403506
11.33333333 2.308439454
11.4 2.28412595
11.46666667 2.261590718
11.53333333 2.24093029
11.6 2.222208699
11.66666667 2.205456775
11.73333333 2.190672023
11.8 2.177819102
11.86666667 2.166830867
11.93333333 2.157609961
12 2.150030928
12.06666667 2.143942775
12.13333333 2.139171969
12.2 2.135525781
12.26666667 2.132795926
12.33333333 2.130762435
12.4 2.12919767
12.46666667 2.127870434
12.53333333 2.126550082
12.6 2.125010569
12.66666667 2.123034365
12.73333333 2.120416166
12.8 2.116966343
12.86666667 2.112514063
12.93333333 2.106910048
13 2.100028907
13.06666667 2.09177102
13.13333333 2.082063945
13.2 2.070863322
13.26666667 2.058153275
13.33333333 2.043946305
13.4 2.028282681
13.46666667 2.011229352
13.53333333 1.992878407
13.6 1.973345103
13.66666667 1.952765518
13.73333333 1.931293866
13.8 1.909099528
13.86666667 1.886363853
13.93333333 1.863276792
14 1.840033427
14.06666667 1.816830451
14.13333333 1.793862671
14.2 1.771319586
14.26666667 1.749382109
14.33333333 1.728219477
14.4 1.707986417
14.46666667 1.688820599
14.53333333 1.670840422
14.6 1.654143178
14.66666667 1.638803601
14.73333333 1.624872844
14.8 1.612377876
14.86666667 1.601321322
14.93333333 1.591681726
15 1.583414243
15.06666667 1.576451731
15.13333333 1.570706218
15.2 1.566070723
15.26666667 1.562421387
15.33333333 1.559619869
15.4 1.557515971
15.46666667 1.555950435
15.53333333 1.55475786
15.6 1.553769697
15.66666667 1.55281725
15.73333333 1.551734648
15.8 1.55036172
15.86666667 1.54854674
15.93333333 1.54614898
16 1.543041041
16.06666667 1.539110909
16.13333333 1.534263727
16.2 1.528423225
16.26666667 1.521532815
16.33333333 1.513556321
16.4 1.504478335
16.46666667 1.49430421
16.53333333 1.483059682
16.6 1.470790138
16.66666667 1.457559549
16.73333333 1.443449087
16.8 1.42855546
16.86666667 1.412988993
16.93333333 1.396871495
17 1.380333952
17.06666667 1.363514089
17.13333333 1.346553844
17.2 1.329596803
17.26666667 1.312785639
17.33333333 1.296259601
17.4 1.2801521
17.46666667 1.264588422
17.53333333 1.249683623
17.6 1.235540628
17.66666667 1.22224857
17.73333333 1.209881394
17.8 1.198496749
17.86666667 1.188135178
17.93333333 1.178819626
18 1.170555261
18.06666667 1.163329611
18.13333333 1.15711301
18.2 1.151859348
18.26666667 1.147507089
18.33333333 1.143980558
18.4 1.141191454
18.46666667 1.139040572
18.53333333 1.137419684
18.6 1.136213568
18.66666667 1.135302123
18.73333333 1.134562544
18.8 1.133871519
18.86666667 1.133107404
18.93333333 1.13215234
19 1.130894276
19.06666667 1.12922886
19.13333333 1.127061172
19.2 1.12430727
19.26666667 1.120895515
19.33333333 1.116767666
19.4 1.111879727
19.46666667 1.106202527
19.53333333 1.099722031
19.6 1.092439382
19.66666667 1.084370676
19.73333333 1.075546474
19.8 1.066011065
19.86666667 1.055821498
19.93333333 1.045046403
20 1.033764621
