#schritt  energie

1	-0.672
2	-0.8098
3	-0.9128
4	-0.9841
5	-1.04224
6	-1.09007
7	-1.12891
8	-1.16185
9	-1.18889
10	-1.21372
11	-1.23465
12	-1.25353
13	-1.27178
14	-1.28751
15	-1.30304
16	-1.31757
17	-1.33021
18	-1.3422
19	-1.35362
20	-1.36392
21	-1.37324
22	-1.38229
23	-1.39073
24	-1.3993
25	-1.40747
26	-1.41468
27	-1.42175
28	-1.42826
29	-1.43415
30	-1.43973
31	-1.44525
32	-1.45081
33	-1.45625
34	-1.46134
35	-1.46598
36	-1.47033
37	-1.47437
38	-1.47821
39	-1.48179
40	-1.48533
41	-1.48839
42	-1.49163
43	-1.49473
44	-1.49759
45	-1.50059
46	-1.50313
47	-1.50549
48	-1.50802
49	-1.51041
50	-1.51276
51	-1.51494
52	-1.51714
53	-1.51919
54	-1.52095
55	-1.52254
56	-1.52409
57	-1.52583
58	-1.52759
59	-1.52919
60	-1.53094
61	-1.53262
62	-1.53423
63	-1.53578
64	-1.53748
65	-1.53889
66	-1.54038
67	-1.54166
68	-1.54292
69	-1.54417
70	-1.54519
71	-1.54635
72	-1.54758
73	-1.54874
74	-1.54989
75	-1.55108
76	-1.55218
77	-1.5533
78	-1.55429
79	-1.55521
80	-1.55602
81	-1.5568
82	-1.55763
83	-1.55841
84	-1.55915
85	-1.55994
86	-1.56075
87	-1.56145
88	-1.56217
89	-1.56284
90	-1.56347
91	-1.56416
92	-1.56487
93	-1.56545
94	-1.566
95	-1.56651
96	-1.56704
97	-1.56756
98	-1.56808
99	-1.56862
100	-1.56904
101	-1.56958
102	-1.57002
103	-1.57042
104	-1.57087
105	-1.57131
106	-1.57171
107	-1.57212
108	-1.57251
109	-1.57295
110	-1.57339
111	-1.57367
112	-1.57408
113	-1.57448
114	-1.57489
115	-1.57522
116	-1.57564
117	-1.57604
118	-1.57643
119	-1.57683
120	-1.57719
121	-1.57754
122	-1.57788
123	-1.57816
124	-1.57841
125	-1.57864
126	-1.57888
127	-1.57917
128	-1.57941
129	-1.57967
130	-1.57996
131	-1.58016
132	-1.58036
133	-1.58054
134	-1.58071
135	-1.5809
136	-1.58113
137	-1.5813
138	-1.58148
139	-1.58161
140	-1.58168
141	-1.5818
142	-1.58199
143	-1.5822
144	-1.58238
145	-1.58248
146	-1.58257
147	-1.58263
148	-1.58262
149	-1.58268
150	-1.58275
151	-1.58288
152	-1.58304
153	-1.58313
154	-1.58327
155	-1.58339
156	-1.58351
157	-1.58363
158	-1.58373
159	-1.58382
160	-1.58393
161	-1.58403
162	-1.58416
163	-1.58427
164	-1.58429
165	-1.58433
166	-1.58436
167	-1.58437
168	-1.58442
169	-1.58448
170	-1.5845
171	-1.5845
172	-1.58453
173	-1.58457
174	-1.58458
175	-1.58459
176	-1.58461
177	-1.5847
178	-1.58478
179	-1.58482
180	-1.58486
181	-1.58488
182	-1.5849
183	-1.58495
184	-1.58499
185	-1.58502
186	-1.58495
187	-1.5849
188	-1.58487
189	-1.58481
190	-1.58476
191	-1.58478
192	-1.58477
193	-1.58473
194	-1.58478
195	-1.58481
196	-1.58483
197	-1.58481
198	-1.58475
199	-1.58481
200	-1.58483
201	-1.58478
202	-1.58474
203	-1.58472
204	-1.58467
205	-1.58459
206	-1.58458
207	-1.58454
208	-1.58451
209	-1.58451
210	-1.58453
211	-1.5845
212	-1.5845
213	-1.58443
214	-1.58436
215	-1.58425
216	-1.58415
217	-1.58407
218	-1.584
219	-1.58392
220	-1.58387
221	-1.58384
222	-1.58379
223	-1.58368
224	-1.58357
225	-1.58345
226	-1.58335
227	-1.58324
228	-1.58314
229	-1.58302
230	-1.58291
231	-1.58278
232	-1.58271
233	-1.58262
234	-1.58249
235	-1.58239
236	-1.58229
237	-1.5822
238	-1.58211
239	-1.58205
240	-1.58195
241	-1.58186
242	-1.58177
243	-1.58163
244	-1.58153
245	-1.58148
246	-1.58138
247	-1.58129
248	-1.58116
249	-1.58106
250	-1.58101
251	-1.58089
252	-1.58076
253	-1.58066
254	-1.58061
255	-1.5806
256	-1.58053
257	-1.58043
258	-1.58031
259	-1.58019
260	-1.58004
261	-1.57989
262	-1.57975
263	-1.57962
264	-1.57951
265	-1.57941
266	-1.5793
267	-1.57919
268	-1.57909
269	-1.57893
270	-1.57883
271	-1.5787
272	-1.57854
273	-1.57841
274	-1.5783
275	-1.57819
276	-1.57804
277	-1.5779
278	-1.57777
279	-1.57767
280	-1.57758
281	-1.57748
282	-1.57735
283	-1.57725
284	-1.57717
285	-1.57705
286	-1.57692
287	-1.57681
288	-1.57669
289	-1.57661
290	-1.57649
291	-1.57637
292	-1.5763
293	-1.57618
294	-1.57608
295	-1.57598
296	-1.57583
297	-1.57566
298	-1.57551
299	-1.57535
300	-1.57522
301	-1.57507
302	-1.57493
303	-1.57481
304	-1.57464
305	-1.57449
306	-1.57437
307	-1.57424
308	-1.57413
309	-1.574
310	-1.57388
311	-1.57374
312	-1.5736
313	-1.57344
314	-1.5733
315	-1.57315
316	-1.57302
317	-1.5729
318	-1.57276
319	-1.57261
320	-1.57246
321	-1.57233
322	-1.5722
323	-1.57208
324	-1.57193
325	-1.57179
326	-1.57166
327	-1.57154
328	-1.5714
329	-1.57125
330	-1.57111
331	-1.571
332	-1.57086
333	-1.57073
334	-1.57064
335	-1.57051
336	-1.57035
337	-1.57022
338	-1.57007
339	-1.56992
340	-1.56974
341	-1.56952
342	-1.56934
343	-1.56919
344	-1.56903
345	-1.5689
346	-1.56877
347	-1.56864
348	-1.56847
349	-1.56833
350	-1.56816
351	-1.56804
352	-1.5679
353	-1.56773
354	-1.56759
355	-1.56743
356	-1.56726
357	-1.56715
358	-1.56702
359	-1.56687
360	-1.56673
361	-1.56659
362	-1.56644
363	-1.5663
364	-1.56615
365	-1.566
366	-1.56588
367	-1.56573
368	-1.56557
369	-1.5654
370	-1.56525
371	-1.56509
372	-1.56495
373	-1.56479
374	-1.56463
375	-1.56444
376	-1.56424
377	-1.56402
378	-1.56384
379	-1.56365
380	-1.56345
381	-1.56324
382	-1.56304
383	-1.56284
384	-1.56264
385	-1.56242
386	-1.5622
387	-1.562
388	-1.56182
389	-1.56163
390	-1.56144
391	-1.56125
392	-1.56106
393	-1.56088
394	-1.56069
395	-1.56051
396	-1.56032
397	-1.56015
398	-1.55999
399	-1.55982
400	-1.55965
401	-1.55947
402	-1.55928
403	-1.55909
404	-1.5589
405	-1.55872
406	-1.55857
407	-1.55838
408	-1.5582
409	-1.558
410	-1.5578
411	-1.5576
412	-1.55741
413	-1.55723
414	-1.55703
415	-1.55684
416	-1.55666
417	-1.55644
418	-1.55624
419	-1.556
420	-1.55576
421	-1.55554
422	-1.55534
423	-1.55516
424	-1.55498
425	-1.55479
426	-1.55457
427	-1.55437
428	-1.55416
429	-1.55396
430	-1.55378
431	-1.55359
432	-1.55337
433	-1.55316
434	-1.55295
435	-1.55275
436	-1.55256
437	-1.55237
438	-1.55217
439	-1.55197
440	-1.55177
441	-1.55155
442	-1.55133
443	-1.55111
444	-1.55087
445	-1.55063
446	-1.55039
447	-1.55015
448	-1.5499
449	-1.54966
450	-1.54942
451	-1.5492
452	-1.54898
453	-1.54877
454	-1.54857
455	-1.54837
456	-1.54816
457	-1.54795
458	-1.54773
459	-1.54749
460	-1.54728
461	-1.54707
462	-1.54685
463	-1.54662
464	-1.54639
465	-1.54616
466	-1.54594
467	-1.54572
468	-1.54551
469	-1.54528
470	-1.54505
471	-1.54481
472	-1.54458
473	-1.54435
474	-1.54413
475	-1.54388
476	-1.54365
477	-1.54341
478	-1.54316
479	-1.54293
480	-1.54269
481	-1.54245
482	-1.54219
483	-1.54194
484	-1.5417
485	-1.54145
486	-1.54121
487	-1.54097
488	-1.54074
489	-1.5405
490	-1.54026
491	-1.54003
492	-1.5398
493	-1.53954
494	-1.53929
495	-1.53905
496	-1.53878
497	-1.53852
498	-1.53827
499	-1.53801
500	-1.53777
