#schritt  energie

1	-3.9708
2	-3.9672
3	-3.96413
4	-3.964
5	-3.96176
6	-3.9598
7	-3.95806
8	-3.95645
9	-3.9548
10	-3.95328
11	-3.95178
12	-3.95177
13	-3.95218
14	-3.95149
15	-3.95053
16	-3.9501
17	-3.94986
18	-3.94976
19	-3.94937
20	-3.94878
21	-3.94827
22	-3.94785
23	-3.94732
24	-3.94718
25	-3.94694
26	-3.94685
27	-3.94665
28	-3.94654
29	-3.94663
30	-3.94663
31	-3.94634
32	-3.94597
33	-3.94533
34	-3.9448
35	-3.94424
36	-3.94392
37	-3.9436
38	-3.94323
39	-3.94312
40	-3.9428
41	-3.94284
42	-3.94275
43	-3.94262
44	-3.94247
45	-3.94217
46	-3.9417
47	-3.94138
48	-3.94109
49	-3.94082
50	-3.9405
51	-3.94029
52	-3.94001
53	-3.93982
54	-3.93974
55	-3.93953
56	-3.93919
57	-3.93891
58	-3.93888
59	-3.93892
60	-3.93883
61	-3.93866
62	-3.93835
63	-3.93799
64	-3.93773
65	-3.93752
66	-3.93734
67	-3.93709
68	-3.93692
69	-3.93674
70	-3.93651
71	-3.93635
72	-3.93616
73	-3.93589
74	-3.93563
75	-3.93532
76	-3.93507
77	-3.93476
78	-3.93451
79	-3.93416
80	-3.93384
81	-3.93376
82	-3.93366
83	-3.93354
84	-3.93329
85	-3.93308
86	-3.9328
87	-3.93249
88	-3.93224
89	-3.93184
90	-3.93162
91	-3.93144
92	-3.9311
93	-3.93069
94	-3.9304
95	-3.93012
96	-3.9299
97	-3.92959
98	-3.92942
99	-3.92923
100	-3.92901
101	-3.92874
102	-3.9285
103	-3.92835
104	-3.9281
105	-3.92774
106	-3.92742
107	-3.92728
108	-3.92704
109	-3.92685
110	-3.92662
111	-3.9264
112	-3.92607
113	-3.92579
114	-3.92555
115	-3.92536
116	-3.92508
117	-3.92481
118	-3.92466
119	-3.92453
120	-3.92442
121	-3.92424
122	-3.92397
123	-3.92369
124	-3.92346
125	-3.92325
126	-3.92305
127	-3.92287
128	-3.92269
129	-3.92246
130	-3.92226
131	-3.92202
132	-3.92181
133	-3.92162
134	-3.92141
135	-3.92116
136	-3.92097
137	-3.92077
138	-3.92049
139	-3.92021
140	-3.92003
141	-3.91983
142	-3.91957
143	-3.91932
144	-3.91908
145	-3.9189
146	-3.91864
147	-3.91834
148	-3.91805
149	-3.91786
150	-3.91766
151	-3.91748
152	-3.91726
153	-3.91703
154	-3.91683
155	-3.91658
156	-3.91631
157	-3.91606
158	-3.9158
159	-3.91551
160	-3.91517
161	-3.91488
162	-3.91462
163	-3.91441
164	-3.91418
165	-3.91393
166	-3.91368
167	-3.91344
168	-3.91322
169	-3.91296
170	-3.91269
171	-3.91241
172	-3.91214
173	-3.91189
174	-3.9116
175	-3.91141
176	-3.91125
177	-3.91101
178	-3.91075
179	-3.91051
180	-3.9103
181	-3.91009
182	-3.90989
183	-3.90974
184	-3.90956
185	-3.90939
186	-3.90918
187	-3.909
188	-3.90878
189	-3.90855
190	-3.9083
191	-3.9081
192	-3.90791
193	-3.90772
194	-3.90752
195	-3.9073
196	-3.90709
197	-3.90685
198	-3.90659
199	-3.90633
200	-3.90608
201	-3.90583
202	-3.9056
203	-3.90535
204	-3.9051
205	-3.90485
206	-3.90457
207	-3.9043
208	-3.90402
209	-3.90381
210	-3.90359
211	-3.90336
212	-3.9031
213	-3.90281
214	-3.90256
215	-3.90234
216	-3.9021
217	-3.90181
218	-3.90156
219	-3.90131
220	-3.90096
221	-3.90068
222	-3.90044
223	-3.90022
224	-3.89999
225	-3.89974
226	-3.89949
227	-3.89926
228	-3.89904
229	-3.89881
230	-3.89853
231	-3.89824
232	-3.89796
233	-3.89767
234	-3.89737
235	-3.89714
236	-3.89689
237	-3.89661
238	-3.89635
239	-3.89611
240	-3.89586
241	-3.89562
242	-3.89537
243	-3.89509
244	-3.89476
245	-3.89445
246	-3.89419
247	-3.89397
248	-3.89372
249	-3.89343
250	-3.89316
251	-3.89288
252	-3.89259
253	-3.89232
254	-3.89206
255	-3.89182
256	-3.89156
257	-3.89136
258	-3.89115
259	-3.89091
260	-3.89067
261	-3.89043
262	-3.89015
263	-3.88984
264	-3.88955
265	-3.8893
266	-3.88905
267	-3.88879
268	-3.88853
269	-3.88828
270	-3.88801
271	-3.88774
272	-3.88748
273	-3.88723
274	-3.88698
275	-3.88678
276	-3.88653
277	-3.8863
278	-3.88605
279	-3.88579
280	-3.88553
281	-3.88525
282	-3.88498
283	-3.88472
284	-3.88444
285	-3.88417
286	-3.8839
287	-3.88364
288	-3.88335
289	-3.88305
290	-3.88276
291	-3.88246
292	-3.88218
293	-3.8819
294	-3.88164
295	-3.88142
296	-3.88116
297	-3.88092
298	-3.88062
299	-3.88036
300	-3.88006
301	-3.87981
302	-3.87958
303	-3.87933
304	-3.87907
305	-3.8788
306	-3.87852
307	-3.87824
308	-3.87799
309	-3.87775
310	-3.87749
311	-3.87721
312	-3.87696
313	-3.87669
314	-3.87644
315	-3.87621
316	-3.87594
317	-3.87567
318	-3.87539
319	-3.8751
320	-3.87486
321	-3.87461
322	-3.87434
323	-3.87409
324	-3.87386
325	-3.87363
326	-3.87338
327	-3.8731
328	-3.87281
329	-3.87254
330	-3.87226
331	-3.87198
332	-3.8717
333	-3.87142
334	-3.87113
335	-3.87086
336	-3.87055
337	-3.87029
338	-3.87003
339	-3.86973
340	-3.86947
341	-3.8692
342	-3.86892
343	-3.86867
344	-3.8684
345	-3.86815
346	-3.8679
347	-3.86765
348	-3.8674
349	-3.86713
350	-3.86689
351	-3.86666
352	-3.86642
353	-3.8662
354	-3.86598
355	-3.86575
356	-3.86553
357	-3.8653
358	-3.86506
359	-3.8648
360	-3.86456
361	-3.8643
362	-3.86405
363	-3.86384
364	-3.86361
365	-3.86338
366	-3.86315
367	-3.86292
368	-3.86268
369	-3.86243
370	-3.86221
371	-3.86195
372	-3.8617
373	-3.86145
374	-3.86122
375	-3.86101
376	-3.86077
377	-3.86054
378	-3.86031
379	-3.86009
380	-3.85986
381	-3.85962
382	-3.85936
383	-3.85907
384	-3.85879
385	-3.85851
386	-3.85824
387	-3.85796
388	-3.85768
389	-3.85743
390	-3.85719
391	-3.85692
392	-3.85668
393	-3.85642
394	-3.85616
395	-3.85592
396	-3.85567
397	-3.85541
398	-3.85513
399	-3.85488
400	-3.85465
401	-3.85441
402	-3.85419
403	-3.85394
404	-3.85367
405	-3.85341
406	-3.85315
407	-3.8529
408	-3.85264
409	-3.85241
410	-3.85216
411	-3.85193
412	-3.8517
413	-3.85146
414	-3.85122
415	-3.85096
416	-3.85074
417	-3.85051
418	-3.85023
419	-3.84997
420	-3.84972
421	-3.84944
422	-3.84915
423	-3.84889
424	-3.84862
425	-3.84838
426	-3.84813
427	-3.84789
428	-3.84765
429	-3.84741
430	-3.84716
431	-3.84688
432	-3.84661
433	-3.84636
434	-3.8461
435	-3.84586
436	-3.84562
437	-3.84537
438	-3.8451
439	-3.84485
440	-3.84459
441	-3.84433
442	-3.84407
443	-3.84382
444	-3.8436
445	-3.84338
446	-3.84314
447	-3.84292
448	-3.84269
449	-3.84247
450	-3.84224
451	-3.84201
452	-3.84179
453	-3.84157
454	-3.84134
455	-3.84109
456	-3.84084
457	-3.84061
458	-3.84038
459	-3.84014
460	-3.8399
461	-3.83967
462	-3.8394
463	-3.83914
464	-3.83889
465	-3.83865
466	-3.83839
467	-3.83816
468	-3.83791
469	-3.83765
470	-3.83739
471	-3.83714
472	-3.83689
473	-3.83665
474	-3.8364
475	-3.83614
476	-3.83587
477	-3.83562
478	-3.83537
479	-3.83512
480	-3.83487
481	-3.8346
482	-3.83433
483	-3.83408
484	-3.83383
485	-3.83359
486	-3.83333
487	-3.83309
488	-3.83284
489	-3.83258
490	-3.83234
491	-3.8321
492	-3.83183
493	-3.83159
494	-3.83133
495	-3.83109
496	-3.83084
497	-3.8306
498	-3.83037
499	-3.83011
500	-3.82985
