#schritt  energie

1	-0.598
2	-0.696
3	-0.763333
4	-0.8118
5	-0.85056
6	-0.882
7	-0.904457
8	-0.9263
9	-0.946533
10	-0.96208
11	-0.976545
12	-0.987933
13	-0.996923
14	-1.00557
15	-1.01333
16	-1.01975
17	-1.02544
18	-1.03013
19	-1.034
20	-1.03828
21	-1.04183
22	-1.045
23	-1.04856
24	-1.05218
25	-1.054
26	-1.055
27	-1.05719
28	-1.05893
29	-1.06074
30	-1.06201
31	-1.06324
32	-1.0641
33	-1.0647
34	-1.06604
35	-1.0669
36	-1.06753
37	-1.0681
38	-1.06879
39	-1.06908
40	-1.06945
41	-1.07018
42	-1.07036
43	-1.07046
44	-1.07065
45	-1.07025
46	-1.07035
47	-1.07061
48	-1.0709
49	-1.07133
50	-1.07118
51	-1.07096
52	-1.07071
53	-1.07041
54	-1.06984
55	-1.06902
56	-1.06796
57	-1.06688
58	-1.06641
59	-1.06604
60	-1.06551
61	-1.06483
62	-1.06412
63	-1.06338
64	-1.06283
65	-1.06199
66	-1.06124
67	-1.06023
68	-1.05964
69	-1.05923
70	-1.05842
71	-1.05718
72	-1.05597
73	-1.05454
74	-1.05303
75	-1.05151
76	-1.05007
77	-1.04868
78	-1.04745
79	-1.04616
80	-1.04497
81	-1.04389
82	-1.04284
83	-1.04183
84	-1.04063
85	-1.03928
86	-1.03798
87	-1.03666
88	-1.03526
89	-1.03385
90	-1.0324
91	-1.0312
92	-1.02971
93	-1.02818
94	-1.02664
95	-1.02511
96	-1.02365
97	-1.02228
98	-1.02104
99	-1.01963
100	-1.01814
101	-1.01652
102	-1.01484
103	-1.01317
104	-1.01163
105	-1.00996
106	-1.00834
107	-1.00642
108	-1.00458
109	-1.00277
110	-1.00114
111	-0.999348
112	-0.997482
113	-0.995604
114	-0.993821
115	-0.991892
116	-0.9899
117	-0.987976
118	-0.98602
119	-0.984081
120	-0.982253
121	-0.980502
122	-0.978748
123	-0.976982
124	-0.975261
125	-0.973376
126	-0.971575
127	-0.969786
128	-0.968125
129	-0.966394
130	-0.964738
131	-0.962937
132	-0.961209
133	-0.959435
134	-0.957624
135	-0.955763
136	-0.954074
137	-0.952286
138	-0.950594
139	-0.948826
140	-0.947089
141	-0.945404
142	-0.943755
143	-0.941966
144	-0.940128
145	-0.938284
146	-0.936482
147	-0.934835
148	-0.932835
149	-0.930977
150	-0.929136
151	-0.92733
152	-0.925542
153	-0.923647
154	-0.921782
155	-0.919941
156	-0.9181
157	-0.916367
158	-0.914504
159	-0.912546
160	-0.91077
161	-0.908899
162	-0.907081
163	-0.90536
164	-0.903402
165	-0.901518
166	-0.899619
167	-0.897725
168	-0.895614
169	-0.893501
170	-0.891489
171	-0.889504
172	-0.887526
173	-0.885535
174	-0.883464
175	-0.881449
176	-0.879539
177	-0.877568
178	-0.87556
179	-0.873372
180	-0.871327
181	-0.869299
182	-0.867393
183	-0.865414
184	-0.8633
185	-0.861336
186	-0.859316
187	-0.857307
188	-0.855102
189	-0.852993
190	-0.850914
191	-0.848817
192	-0.84685
193	-0.844769
194	-0.842649
195	-0.84057
196	-0.838543
197	-0.83654
198	-0.834608
199	-0.832659
200	-0.830682
201	-0.828681
202	-0.826762
203	-0.824869
204	-0.822925
205	-0.820981
206	-0.819095
207	-0.817049
208	-0.815
209	-0.81298
210	-0.811008
211	-0.80905
212	-0.807104
213	-0.805174
214	-0.803323
215	-0.801332
216	-0.799317
217	-0.797347
218	-0.795461
219	-0.79352
220	-0.791515
221	-0.789448
222	-0.787481
223	-0.785426
224	-0.783454
225	-0.781419
226	-0.779288
227	-0.77708
228	-0.774919
229	-0.772748
230	-0.770586
231	-0.768494
232	-0.766391
233	-0.764211
234	-0.761993
235	-0.759706
236	-0.757532
237	-0.755311
238	-0.753185
239	-0.750972
240	-0.748855
241	-0.746647
242	-0.744468
243	-0.742214
244	-0.740121
245	-0.738024
246	-0.735933
247	-0.733811
248	-0.7317
249	-0.729454
250	-0.727243
251	-0.72501
252	-0.722859
253	-0.720715
254	-0.718546
255	-0.716424
256	-0.714337
257	-0.712227
258	-0.710022
259	-0.707842
260	-0.705683
261	-0.703568
262	-0.701487
263	-0.699379
264	-0.697224
265	-0.694998
266	-0.692714
267	-0.690391
268	-0.688139
269	-0.68599
270	-0.683794
271	-0.681526
272	-0.679262
273	-0.677075
274	-0.674926
275	-0.672855
276	-0.670723
277	-0.668436
278	-0.666158
279	-0.663885
280	-0.661697
281	-0.659527
282	-0.657315
283	-0.655088
284	-0.652986
285	-0.65088
286	-0.6488
287	-0.646679
288	-0.644522
289	-0.642421
290	-0.640401
291	-0.63834
292	-0.636314
293	-0.634229
294	-0.632151
295	-0.630079
296	-0.627962
297	-0.625811
298	-0.62366
299	-0.621512
300	-0.619371
301	-0.617258
302	-0.615179
303	-0.613168
304	-0.61112
305	-0.608967
306	-0.606945
307	-0.604899
308	-0.602884
309	-0.600759
310	-0.598702
311	-0.596677
312	-0.594562
313	-0.592495
314	-0.590383
315	-0.58825
316	-0.586177
317	-0.584189
318	-0.582216
319	-0.580184
320	-0.578136
321	-0.576092
322	-0.574002
323	-0.571967
324	-0.569962
325	-0.567948
326	-0.56601
327	-0.564006
328	-0.562051
329	-0.559993
330	-0.557868
331	-0.555723
332	-0.55361
333	-0.551521
334	-0.549472
335	-0.547371
336	-0.545314
337	-0.543253
338	-0.541155
339	-0.539042
340	-0.536929
341	-0.534875
342	-0.532828
343	-0.530755
344	-0.528651
345	-0.526599
346	-0.524547
347	-0.522469
348	-0.520334
349	-0.518265
350	-0.516263
351	-0.514189
352	-0.512055
353	-0.509921
354	-0.507802
355	-0.505725
356	-0.503682
357	-0.501671
358	-0.499699
359	-0.49773
360	-0.495736
361	-0.493723
362	-0.491776
363	-0.489763
364	-0.487753
365	-0.485763
366	-0.483723
367	-0.481654
368	-0.479592
369	-0.477527
370	-0.475486
371	-0.47345
372	-0.471412
373	-0.469369
374	-0.467306
375	-0.46528
376	-0.46321
377	-0.461096
378	-0.458996
379	-0.45695
380	-0.454813
381	-0.452687
382	-0.450576
383	-0.44848
384	-0.446407
385	-0.444348
386	-0.442319
387	-0.440267
388	-0.438241
389	-0.436139
390	-0.433929
391	-0.431702
392	-0.429548
393	-0.427404
394	-0.42524
395	-0.423075
396	-0.420921
397	-0.418775
398	-0.416684
399	-0.414507
400	-0.412377
401	-0.410282
402	-0.408269
403	-0.406245
404	-0.404246
405	-0.40225
406	-0.400252
407	-0.398194
408	-0.396168
409	-0.394087
410	-0.391988
411	-0.389948
412	-0.387972
413	-0.385982
414	-0.384003
415	-0.381989
416	-0.379916
417	-0.377812
418	-0.375664
419	-0.373521
420	-0.371345
421	-0.36918
422	-0.366943
423	-0.364736
424	-0.362538
425	-0.360396
426	-0.358194
427	-0.356013
428	-0.353887
429	-0.351799
430	-0.349675
431	-0.347576
432	-0.345442
433	-0.34333
434	-0.341241
435	-0.339186
436	-0.337172
437	-0.335163
438	-0.333142
439	-0.331078
440	-0.328984
441	-0.326862
442	-0.324763
443	-0.322706
444	-0.320623
445	-0.318574
446	-0.316466
447	-0.314335
448	-0.312226
449	-0.310143
450	-0.308148
451	-0.306137
452	-0.304131
453	-0.302099
454	-0.300077
455	-0.298101
456	-0.296063
457	-0.294018
458	-0.291945
459	-0.289937
460	-0.287888
461	-0.285825
462	-0.283778
463	-0.281743
464	-0.2797
465	-0.27771
466	-0.275717
467	-0.273687
468	-0.271686
469	-0.269708
470	-0.267702
471	-0.265731
472	-0.263747
473	-0.26177
474	-0.259765
475	-0.257753
476	-0.25577
477	-0.253793
478	-0.251802
479	-0.249849
480	-0.247858
481	-0.24583
482	-0.243817
483	-0.241803
484	-0.239764
485	-0.237734
486	-0.235684
487	-0.233633
488	-0.231561
489	-0.229507
490	-0.227479
491	-0.225413
492	-0.22334
493	-0.221246
494	-0.219174
495	-0.217109
496	-0.215071
497	-0.213031
498	-0.210945
499	-0.208883
500	-0.206819
