# n      x1       x2       g1      g2      eps

0  -1  -1  804  400  8
1  -0.9997  -0.999851  803.461  399.85  7.99821
2  -0.999102  -0.999553  802.384  399.552  7.99462
3  -0.998206  -0.999107  800.774  399.105  7.98926
4  -0.997015  -0.998514  798.637  398.511  7.98213
5  -0.995533  -0.997776  795.982  397.772  7.97326
6  -0.993762  -0.996894  792.819  396.891  7.96267
7  -0.99171  -0.99587  789.163  395.872  7.9504
8  -0.98938  -0.994707  785.027  394.716  7.93649
9  -0.98678  -0.993409  780.429  393.429  7.92097
10  -0.983917  -0.991977  775.387  392.014  7.9039
11  -0.980799  -0.990417  769.92  390.477  7.88532
12  -0.977434  -0.988731  764.05  388.822  7.8653
13  -0.973831  -0.986923  757.798  387.054  7.84387
14  -0.969999  -0.984998  751.187  385.179  7.82111
15  -0.965947  -0.98296  744.239  383.203  7.79708
16  -0.961686  -0.980813  736.979  381.131  7.77183
17  -0.957225  -0.978562  729.431  378.968  7.74544
18  -0.952575  -0.976211  721.618  376.722  7.71796
19  -0.947746  -0.973766  713.564  374.398  7.68947
20  -0.942748  -0.97123  705.292  372.001  7.66002
21  -0.937591  -0.968608  696.825  369.537  7.62968
22  -0.932286  -0.965905  688.186  367.013  7.59851
23  -0.926843  -0.963125  679.397  364.433  7.56658
24  -0.92127  -0.960273  670.479  361.803  7.53395
25  -0.915579  -0.957354  661.451  359.128  7.50068
26  -0.909778  -0.95437  652.334  356.413  7.46682
27  -0.903877  -0.951328  643.146  353.664  7.43243
28  -0.897884  -0.948229  633.904  350.885  7.39756
29  -0.891808  -0.94508  624.626  348.08  7.36227
30  -0.885657  -0.941882  615.325  345.254  7.32661
31  -0.879439  -0.93864  606.018  342.411  7.29062
32  -0.873162  -0.935357  596.718  339.554  7.25435
33  -0.866833  -0.932037  587.437  336.687  7.21783
34  -0.860458  -0.928683  578.188  333.814  7.18112
35  -0.854045  -0.925297  568.98  330.938  7.14425
36  -0.847599  -0.921882  559.825  328.061  7.10726
37  -0.841127  -0.918442  550.731  325.187  7.07017
38  -0.834634  -0.914978  541.705  322.318  7.03302
39  -0.828125  -0.911494  532.757  319.457  6.99585
40  -0.821605  -0.907991  523.892  316.605  6.95867
41  -0.815078  -0.904472  515.116  313.765  6.92152
42  -0.80855  -0.900938  506.436  310.938  6.88442
43  -0.802024  -0.897391  497.855  308.127  6.84739
44  -0.795504  -0.893834  489.377  305.332  6.81044
45  -0.788994  -0.890268  481.007  302.556  6.77361
46  -0.782496  -0.886694  472.748  299.799  6.73691
47  -0.776014  -0.883114  464.601  297.062  6.70034
48  -0.76955  -0.879529  456.57  294.347  6.66394
49  -0.763108  -0.875941  448.655  291.655  6.62771
50  -0.75669  -0.872351  440.859  288.986  6.59166
51  -0.750298  -0.868759  433.183  286.341  6.5558
52  -0.743933  -0.865167  425.627  283.721  6.52015
53  -0.737599  -0.861575  418.191  281.125  6.48471
54  -0.731296  -0.857985  410.876  278.556  6.44949
55  -0.725026  -0.854397  403.682  276.012  6.4145
56  -0.718791  -0.850813  396.609  273.495  6.37975
57  -0.712592  -0.847232  389.655  271.004  6.34524
58  -0.706429  -0.843655  382.822  268.54  6.31097
59  -0.700305  -0.840084  376.107  266.102  6.27695
60  -0.694221  -0.836517  369.509  263.692  6.24318
61  -0.688176  -0.832957  363.029  261.308  6.20967
62  -0.682171  -0.829403  356.664  258.952  6.17641
63  -0.676209  -0.825855  350.414  256.623  6.14342
64  -0.670288  -0.822315  344.276  254.32  6.11069
65  -0.664409  -0.818782  338.25  252.044  6.07823
66  -0.658574  -0.815256  332.335  249.795  6.04602
67  -0.652782  -0.811739  326.528  247.573  6.01408
68  -0.647033  -0.808229  320.828  245.376  5.98241
69  -0.641329  -0.804728  315.233  243.206  5.951
70  -0.635668  -0.801236  309.742  241.062  5.91986
71  -0.630052  -0.797752  304.354  238.943  5.88898
72  -0.62448  -0.794277  299.066  236.85  5.85836
73  -0.618952  -0.790811  293.877  234.783  5.82801
74  -0.613469  -0.787354  288.784  232.74  5.79792
75  -0.60803  -0.783906  283.787  230.721  5.76808
76  -0.602636  -0.780467  278.884  228.727  5.7385
77  -0.597286  -0.777037  274.073  226.758  5.70918
78  -0.59198  -0.773617  269.352  224.812  5.68012
79  -0.586718  -0.770206  264.72  222.889  5.65131
80  -0.581501  -0.766805  260.174  220.99  5.62274
81  -0.576327  -0.763413  255.714  219.113  5.59443
82  -0.571196  -0.76003  251.338  217.259  5.56636
83  -0.566109  -0.756657  247.043  215.427  5.53854
84  -0.561065  -0.753293  242.829  213.617  5.51096
85  -0.556064  -0.749939  238.693  211.829  5.48362
86  -0.551105  -0.746594  234.635  210.062  5.45652
87  -0.546189  -0.743258  230.653  208.316  5.42965
88  -0.541316  -0.739931  226.744  206.591  5.40301
89  -0.536484  -0.736614  222.909  204.886  5.37661
90  -0.531693  -0.733306  219.144  203.201  5.35043
91  -0.526944  -0.730007  215.45  201.535  5.32448
92  -0.522236  -0.726717  211.824  199.889  5.29875
93  -0.517568  -0.723436  208.264  198.263  5.27325
94  -0.512941  -0.720165  204.77  196.655  5.24796
95  -0.508354  -0.716902  201.341  195.065  5.22288
96  -0.503806  -0.713648  197.974  193.494  5.19802
97  -0.499298  -0.710403  194.67  191.94  5.17337
98  -0.494829  -0.707167  191.425  190.405  5.14893
99  -0.490398  -0.70394  188.24  188.886  5.1247
100  -0.486006  -0.700721  185.112  187.385  5.10067
101  -0.481652  -0.697511  182.042  185.9  5.07684
102  -0.477336  -0.694309  179.027  184.432  5.05321
103  -0.473057  -0.691116  176.066  182.98  5.02977
104  -0.468815  -0.687931  173.159  181.544  5.00653
105  -0.46461  -0.684755  170.304  180.124  4.98348
106  -0.460441  -0.681587  167.5  178.719  4.96062
107  -0.456309  -0.678427  164.746  177.329  4.93795
108  -0.452212  -0.675276  162.042  175.954  4.91547
109  -0.44815  -0.672132  159.385  174.594  4.89317
110  -0.444124  -0.668997  156.776  173.249  4.87104
111  -0.440132  -0.66587  154.213  171.917  4.8491
112  -0.436175  -0.66275  151.695  170.6  4.82734
113  -0.432251  -0.659639  149.222  169.296  4.80575
114  -0.428362  -0.656535  146.792  168.006  4.78433
115  -0.424506  -0.653439  144.404  166.729  4.76308
116  -0.420684  -0.650351  142.058  165.465  4.742
117  -0.416894  -0.64727  139.754  164.214  4.72109
118  -0.413136  -0.644197  137.489  162.976  4.70034
119  -0.409411  -0.641132  135.263  161.75  4.67975
120  -0.405718  -0.638074  133.077  160.536  4.65933
121  -0.402057  -0.635024  130.927  159.335  4.63907
122  -0.398427  -0.631981  128.815  158.145  4.61896
123  -0.394828  -0.628945  126.74  156.967  4.59901
124  -0.39126  -0.625917  124.699  155.8  4.57921
125  -0.387722  -0.622896  122.694  154.645  4.55956
126  -0.384215  -0.619882  120.723  153.501  4.54007
127  -0.380737  -0.616875  118.785  152.367  4.52072
128  -0.377289  -0.613876  116.881  151.245  4.50152
129  -0.373871  -0.610883  115.008  150.133  4.48247
130  -0.370482  -0.607898  113.168  149.031  4.46356
131  -0.367121  -0.60492  111.358  147.94  4.44479
132  -0.363789  -0.601949  109.579  146.858  4.42616
133  -0.360486  -0.598984  107.829  145.787  4.40767
134  -0.357211  -0.596027  106.109  144.725  4.38932
135  -0.353963  -0.593077  104.418  143.673  4.37111
136  -0.350743  -0.590133  102.755  142.631  4.35303
137  -0.347551  -0.587197  101.12  141.598  4.33509
138  -0.344385  -0.584267  99.5118  140.574  4.31727
139  -0.341247  -0.581344  97.9304  139.559  4.29959
140  -0.338135  -0.578428  96.3753  138.553  4.28204
141  -0.335049  -0.575518  94.8458  137.555  4.26461
142  -0.33199  -0.572616  93.3415  136.567  4.24732
143  -0.328956  -0.56972  91.8621  135.586  4.23015
144  -0.325949  -0.566831  90.407  134.615  4.2131
145  -0.322967  -0.563948  88.9757  133.651  4.19617
146  -0.32001  -0.561072  87.568  132.696  4.17937
147  -0.317078  -0.558203  86.1832  131.748  4.16269
148  -0.314171  -0.555341  84.8211  130.809  4.14613
149  -0.311289  -0.552485  83.4813  129.877  4.12969
150  -0.308431  -0.549636  82.1632  128.953  4.11336
151  -0.305597  -0.546793  80.8666  128.037  4.09715
152  -0.302788  -0.543957  79.591  127.128  4.08106
153  -0.300002  -0.541128  78.3361  126.226  4.06508
154  -0.29724  -0.538306  77.1016  125.331  4.04922
155  -0.294501  -0.53549  75.887  124.444  4.03346
156  -0.291786  -0.53268  74.6921  123.564  4.01782
157  -0.289094  -0.529878  73.5164  122.691  4.00229
158  -0.286424  -0.527082  72.3597  121.824  3.98687
159  -0.283777  -0.524292  71.2216  120.964  3.97155
160  -0.281153  -0.521509  70.1018  120.111  3.95634
161  -0.278551  -0.518733  69  119.265  3.94124
162  -0.275972  -0.515964  67.9159  118.425  3.92625
163  -0.273414  -0.513201  66.8492  117.591  3.91136
164  -0.270878  -0.510445  65.7995  116.764  3.89658
165  -0.268364  -0.507695  64.7667  115.943  3.88189
166  -0.265872  -0.504953  63.7504  115.128  3.86731
167  -0.2634  -0.502216  62.7503  114.319  3.85283
168  -0.26095  -0.499487  61.7662  113.516  3.83846
169  -0.258521  -0.496764  60.7978  112.719  3.82418
170  -0.256112  -0.494049  59.8448  111.928  3.81
171  -0.253725  -0.49134  58.9071  111.143  3.79592
172  -0.251358  -0.488637  57.9842  110.364  3.78194
173  -0.249011  -0.485942  57.0761  109.59  3.76805
174  -0.246684  -0.483253  56.1824  108.821  3.75426
175  -0.244378  -0.480571  55.3029  108.058  3.74057
176  -0.242091  -0.477896  54.4374  107.301  3.72697
177  -0.239824  -0.475228  53.5857  106.549  3.71346
178  -0.237577  -0.472567  52.7475  105.802  3.70005
179  -0.235349  -0.469912  51.9226  105.06  3.68673
180  -0.233141  -0.467265  51.1108  104.324  3.6735
181  -0.230952  -0.464625  50.3119  103.593  3.66037
182  -0.228782  -0.461991  49.5256  102.867  3.64732
183  -0.226631  -0.459365  48.7519  102.145  3.63437
184  -0.224498  -0.456746  47.9904  101.429  3.6215
185  -0.222385  -0.454134  47.241  100.718  3.60873
186  -0.220289  -0.451529  46.5035  100.011  3.59604
187  -0.218213  -0.448931  45.7777  99.3095  3.58344
188  -0.216154  -0.44634  45.0634  98.6125  3.57093
189  -0.214114  -0.443757  44.3605  97.9203  3.55851
190  -0.212091  -0.44118  43.6687  97.2326  3.54617
191  -0.210087  -0.438611  42.9878  96.5496  3.53391
192  -0.2081  -0.43605  42.3178  95.8711  3.52174
193  -0.206131  -0.433495  41.6584  95.1971  3.50966
194  -0.204179  -0.430948  41.0095  94.5275  3.49766
195  -0.202245  -0.428409  40.3709  93.8624  3.48574
196  -0.200328  -0.425877  39.7425  93.2016  3.47391
197  -0.198428  -0.423352  39.124  92.5451  3.46216
198  -0.196545  -0.420835  38.5154  91.893  3.45049
199  -0.194679  -0.418325  37.9164  91.245  3.4389
200  -0.19283  -0.415823  37.327  90.6013  3.4274
201  -0.190997  -0.413329  36.747  89.9617  3.41597
202  -0.189181  -0.410842  36.1762  89.3263  3.40463
203  -0.187382  -0.408363  35.6145  88.695  3.39336
204  -0.185599  -0.405891  35.0618  88.0677  3.38217
205  -0.183832  -0.403428  34.5178  87.4444  3.37107
206  -0.182081  -0.400972  33.9826  86.8251  3.36004
207  -0.180346  -0.398524  33.4559  86.2097  3.34909
208  -0.178627  -0.396084  32.9376  85.5983  3.33821
209  -0.176924  -0.393652  32.4276  84.9907  3.32741
210  -0.175236  -0.391227  31.9258  84.387  3.31669
211  -0.173564  -0.388811  31.432  83.7871  3.30605
212  -0.171907  -0.386403  30.9461  83.191  3.29548
213  -0.170266  -0.384003  30.4681  82.5986  3.28499
214  -0.16864  -0.38161  29.9976  82.01  3.27457
215  -0.167029  -0.379226  29.5348  81.425  3.26422
216  -0.165433  -0.376851  29.0794  80.8437  3.25395
217  -0.163852  -0.374483  28.6313  80.2661  3.24375
218  -0.162286  -0.372124  28.1904  79.6921  3.23363
219  -0.160734  -0.369773  27.7566  79.1216  3.22358
220  -0.159197  -0.36743  27.3298  78.5547  3.2136
221  -0.157675  -0.365095  26.9099  77.9914  3.2037
222  -0.156167  -0.362769  26.4968  77.4315  3.19386
223  -0.154673  -0.360452  26.0904  76.8751  3.1841
224  -0.153193  -0.358143  25.6906  76.3222  3.17441
225  -0.151728  -0.355842  25.2972  75.7727  3.16479
226  -0.150277  -0.35355  24.9102  75.2266  3.15523
227  -0.148839  -0.351266  24.5295  74.6839  3.14575
228  -0.147415  -0.348992  24.155  74.1446  3.13634
229  -0.146005  -0.346725  23.7865  73.6086  3.127
230  -0.144609  -0.344468  23.4241  73.0759  3.11772
231  -0.143226  -0.342219  23.0676  72.5465  3.10852
232  -0.141856  -0.339979  22.7168  72.0204  3.09938
233  -0.1405  -0.337747  22.3718  71.4975  3.09031
234  -0.139157  -0.335525  22.0325  70.9779  3.0813
235  -0.137827  -0.333311  21.6987  70.4615  3.07237
236  -0.13651  -0.331106  21.3704  69.9483  3.0635
237  -0.135206  -0.32891  21.0474  69.4382  3.0547
238  -0.133915  -0.326723  20.7297  68.9313  3.04596
239  -0.132636  -0.324545  20.4173  68.4276  3.03729
240  -0.131371  -0.322376  20.11  67.9269  3.02868
241  -0.130117  -0.320216  19.8078  67.4294  3.02014
242  -0.128877  -0.318065  19.5105  66.9349  3.01166
243  -0.127648  -0.315924  19.2182  66.4435  3.00325
244  -0.126432  -0.313791  18.9306  65.9552  2.9949
245  -0.125228  -0.311667  18.6478  65.4699  2.98661
246  -0.124036  -0.309553  18.3697  64.9876  2.97839
247  -0.122856  -0.307448  18.0963  64.5083  2.97023
248  -0.121688  -0.305352  17.8273  64.032  2.96213
249  -0.120532  -0.303265  17.5628  63.5586  2.95409
250  -0.119387  -0.301188  17.3027  63.0882  2.94612
251  -0.118255  -0.299119  17.0469  62.6207  2.9382
252  -0.117133  -0.297061  16.7954  62.1561  2.93035
253  -0.116023  -0.295011  16.5481  61.6945  2.92256
254  -0.114925  -0.292971  16.3049  61.2357  2.91483
255  -0.113837  -0.29094  16.0658  60.7798  2.90716
256  -0.112761  -0.288919  15.8306  60.3268  2.89955
257  -0.111696  -0.286907  15.5994  59.8766  2.892
258  -0.110642  -0.284904  15.3721  59.4292  2.88451
259  -0.109599  -0.282911  15.1486  58.9846  2.87707
260  -0.108567  -0.280928  14.9288  58.5429  2.8697
261  -0.107545  -0.278954  14.7127  58.1039  2.86238
262  -0.106534  -0.276989  14.5003  57.6677  2.85512
263  -0.105534  -0.275034  14.2914  57.2343  2.84792
264  -0.104544  -0.273089  14.0861  56.8036  2.84077
265  -0.103564  -0.271153  13.8842  56.3756  2.83368
266  -0.102595  -0.269226  13.6857  55.9504  2.82665
267  -0.101636  -0.267309  13.4906  55.5279  2.81968
268  -0.100687  -0.265402  13.2988  55.108  2.81276
269  -0.0997483  -0.263505  13.1102  54.6909  2.80589
270  -0.0988194  -0.261617  12.9248  54.2764  2.79908
271  -0.0979003  -0.259738  12.7426  53.8646  2.79233
272  -0.096991  -0.25787  12.5634  53.4554  2.78563
273  -0.0960915  -0.25601  12.3873  53.0488  2.77898
274  -0.0952015  -0.254161  12.2142  52.6449  2.77239
275  -0.0943211  -0.252321  12.044  52.2435  2.76585
276  -0.0934501  -0.250491  11.8767  51.8448  2.75936
277  -0.0925884  -0.248671  11.7123  51.4486  2.75293
278  -0.0917361  -0.24686  11.5507  51.0551  2.74655
279  -0.090893  -0.245059  11.3918  50.664  2.74022
280  -0.0900589  -0.243267  11.2357  50.2755  2.73394
281  -0.0892339  -0.241485  11.0822  49.8896  2.72772
282  -0.0884179  -0.239713  10.9313  49.5062  2.72154
283  -0.0876107  -0.237951  10.7831  49.1253  2.71542
284  -0.0868124  -0.236198  10.6373  48.7469  2.70935
285  -0.0860227  -0.234455  10.4941  48.3709  2.70332
286  -0.0852417  -0.232721  10.3533  47.9975  2.69735
287  -0.0844692  -0.230997  10.2149  47.6265  2.69143
288  -0.0837052  -0.229283  10.0789  47.258  2.68555
289  -0.0829496  -0.227579  9.94526  46.8919  2.67973
290  -0.0822023  -0.225884  9.81389  46.5282  2.67395
291  -0.0814632  -0.224199  9.68478  46.167  2.66823
292  -0.0807323  -0.222523  9.5579  45.8082  2.66255
293  -0.0800095  -0.220857  9.43319  45.4517  2.65691
294  -0.0792947  -0.219201  9.31064  45.0977  2.65133
295  -0.0785878  -0.217554  9.19019  44.746  2.64579
296  -0.0778888  -0.215917  9.07182  44.3967  2.6403
297  -0.0771975  -0.214289  8.95549  44.0498  2.63485
298  -0.076514  -0.212671  8.84117  43.7051  2.62945
299  -0.0758381  -0.211063  8.72882  43.3629  2.6241
300  -0.0751697  -0.209464  8.61841  43.0229  2.61879
301  -0.0745088  -0.207875  8.5099  42.6853  2.61353
302  -0.0738553  -0.206295  8.40327  42.3499  2.60831
303  -0.0732091  -0.204725  8.29848  42.0168  2.60314
304  -0.0725702  -0.203164  8.1955  41.686  2.59801
305  -0.0719385  -0.201612  8.0943  41.3575  2.59292
306  -0.0713138  -0.200071  7.99485  41.0313  2.58788
307  -0.0706962  -0.198538  7.89712  40.7072  2.58288
308  -0.0700856  -0.197015  7.80108  40.3854  2.57793
309  -0.0694819  -0.195502  7.7067  40.0659  2.57302
310  -0.068885  -0.193997  7.61395  39.7485  2.56814
311  -0.0682949  -0.192503  7.52281  39.4333  2.56332
312  -0.0677114  -0.191017  7.43324  39.1204  2.55853
313  -0.0671346  -0.189541  7.34522  38.8096  2.55378
314  -0.0665643  -0.188074  7.25873  38.5009  2.54908
315  -0.0660005  -0.186616  7.17373  38.1945  2.54442
316  -0.0654431  -0.185168  7.09021  37.8902  2.53979
317  -0.064892  -0.183729  7.00813  37.588  2.53521
318  -0.0643472  -0.182299  6.92747  37.2879  2.53067
319  -0.0638087  -0.180878  6.8482  36.99  2.52616
320  -0.0632763  -0.179467  6.77031  36.6941  2.5217
321  -0.0627499  -0.178064  6.69376  36.4004  2.51727
322  -0.0622296  -0.176671  6.61854  36.1087  2.51289
323  -0.0617152  -0.175287  6.54462  35.8191  2.50854
324  -0.0612067  -0.173911  6.47197  35.5315  2.50423
325  -0.060704  -0.172545  6.40059  35.2461  2.49996
326  -0.0602071  -0.171188  6.33043  34.9626  2.49572
327  -0.0597159  -0.16984  6.26149  34.6812  2.49152
328  -0.0592303  -0.168501  6.19374  34.4018  2.48736
329  -0.0587502  -0.16717  6.12715  34.1244  2.48324
330  -0.0582757  -0.165849  6.06172  33.849  2.47915
331  -0.0578066  -0.164536  5.99742  33.5756  2.4751
332  -0.057343  -0.163232  5.93422  33.3041  2.47108
333  -0.0568846  -0.161937  5.87212  33.0346  2.4671
334  -0.0564315  -0.160651  5.81108  32.7671  2.46316
335  -0.0559836  -0.159373  5.7511  32.5015  2.45925
336  -0.0555409  -0.158105  5.69214  32.2379  2.45537
337  -0.0551032  -0.156844  5.63421  31.9761  2.45153
338  -0.0546706  -0.155593  5.57727  31.7163  2.44772
339  -0.054243  -0.15435  5.5213  31.4584  2.44395
340  -0.0538203  -0.153115  5.4663  31.2024  2.44021
341  -0.0534024  -0.151889  5.41225  30.9482  2.43651
342  -0.0529893  -0.150672  5.35912  30.696  2.43283
343  -0.052581  -0.149463  5.3069  30.4455  2.42919
344  -0.0521774  -0.148262  5.25558  30.197  2.42558
345  -0.0517785  -0.14707  5.20513  29.9502  2.42201
346  -0.0513841  -0.145886  5.15555  29.7053  2.41846
347  -0.0509942  -0.144711  5.10682  29.4622  2.41495
348  -0.0506089  -0.143544  5.05892  29.221  2.41147
349  -0.0502279  -0.142385  5.01184  28.9815  2.40802
350  -0.0498514  -0.141234  4.96556  28.7438  2.4046
351  -0.0494791  -0.140091  4.92007  28.5078  2.40121
352  -0.0491112  -0.138956  4.87535  28.2737  2.39786
353  -0.0487474  -0.13783  4.83139  28.0413  2.39453
354  -0.0483879  -0.136712  4.78819  27.8106  2.39123
355  -0.0480324  -0.135601  4.74571  27.5817  2.38796
356  -0.047681  -0.134499  4.70396  27.3544  2.38472
357  -0.0473337  -0.133404  4.66291  27.1289  2.38151
358  -0.0469903  -0.132318  4.62256  26.9052  2.37833
359  -0.0466509  -0.131239  4.5829  26.683  2.37518
360  -0.0463153  -0.130168  4.5439  26.4626  2.37206
361  -0.0459836  -0.129105  4.50556  26.2439  2.36896
362  -0.0456556  -0.128049  4.46787  26.0268  2.36589
363  -0.0453314  -0.127002  4.43081  25.8113  2.36285
364  -0.0450109  -0.125962  4.39438  25.5975  2.35984
365  -0.0446941  -0.124929  4.35855  25.3854  2.35685
366  -0.0443808  -0.123904  4.32333  25.1748  2.35389
367  -0.0440711  -0.122887  4.28871  24.9659  2.35096
368  -0.0437649  -0.121877  4.25466  24.7585  2.34805
369  -0.0434622  -0.120875  4.22118  24.5528  2.34517
370  -0.0431629  -0.11988  4.18826  24.3486  2.34232
371  -0.0428671  -0.118892  4.15589  24.146  2.33949
372  -0.0425745  -0.117912  4.12405  23.9449  2.33669
373  -0.0422853  -0.116939  4.09275  23.7454  2.33391
374  -0.0419993  -0.115974  4.06197  23.5475  2.33116
375  -0.0417165  -0.115015  4.0317  23.3511  2.32843
376  -0.041437  -0.114064  4.00193  23.1562  2.32573
377  -0.0411605  -0.11312  3.97266  22.9628  2.32305
378  -0.0408872  -0.112183  3.94387  22.7709  2.3204
379  -0.0406169  -0.111253  3.91555  22.5805  2.31777
380  -0.0403497  -0.11033  3.8877  22.3915  2.31516
381  -0.0400854  -0.109414  3.86031  22.2041  2.31258
382  -0.0398241  -0.108505  3.83337  22.0181  2.31002
383  -0.0395657  -0.107602  3.80687  21.8336  2.30748
384  -0.0393102  -0.106707  3.7808  21.6505  2.30497
385  -0.0390575  -0.105818  3.75517  21.4688  2.30247
386  -0.0388076  -0.104937  3.72995  21.2885  2.30001
387  -0.0385605  -0.104062  3.70514  21.1097  2.29756
388  -0.0383161  -0.103193  3.68073  20.9323  2.29514
389  -0.0380744  -0.102332  3.65673  20.7562  2.29273
390  -0.0378353  -0.101476  3.63311  20.5816  2.29035
391  -0.0375989  -0.100628  3.60987  20.4083  2.28799
392  -0.0373651  -0.0997859  3.58702  20.2364  2.28566
393  -0.0371338  -0.0989504  3.56453  20.0659  2.28334
394  -0.0369051  -0.0981213  3.5424  19.8966  2.28104
395  -0.0366788  -0.0972985  3.52063  19.7288  2.27877
396  -0.036455  -0.0964822  3.49921  19.5622  2.27651
397  -0.0362336  -0.0956722  3.47813  19.397  2.27428
398  -0.0360147  -0.0948684  3.45739  19.2331  2.27206
399  -0.035798  -0.0940709  3.43698  19.0705  2.26987
400  -0.0355838  -0.0932796  3.4169  18.9092  2.26769
401  -0.0353718  -0.0924945  3.39714  18.7491  2.26554
402  -0.0351621  -0.0917154  3.37769  18.5904  2.2634
403  -0.0349546  -0.0909425  3.35855  18.4329  2.26129
404  -0.0347493  -0.0901756  3.33971  18.2766  2.25919
405  -0.0345463  -0.0894146  3.32117  18.1216  2.25711
406  -0.0343454  -0.0886597  3.30293  17.9679  2.25505
407  -0.0341466  -0.0879106  3.28497  17.8153  2.25301
408  -0.0339499  -0.0871674  3.2673  17.664  2.25099
409  -0.0337553  -0.0864301  3.2499  17.5139  2.24898
410  -0.0335627  -0.0856986  3.23277  17.365  2.24699
411  -0.0333721  -0.0849728  3.21591  17.2173  2.24502
412  -0.0331835  -0.0842528  3.19932  17.0708  2.24307
413  -0.0329969  -0.0835384  3.18298  16.9254  2.24114
414  -0.0328122  -0.0828297  3.1669  16.7813  2.23922
415  -0.0326295  -0.0821266  3.15107  16.6382  2.23732
416  -0.0324486  -0.081429  3.13548  16.4964  2.23544
417  -0.0322695  -0.080737  3.12013  16.3557  2.23357
418  -0.0320924  -0.0800505  3.10502  16.2161  2.23172
419  -0.031917  -0.0793694  3.09014  16.0776  2.22989
420  -0.0317434  -0.0786937  3.0755  15.9403  2.22807
421  -0.0315715  -0.0780234  3.06107  15.804  2.22627
422  -0.0314014  -0.0773584  3.04687  15.6689  2.22449
423  -0.031233  -0.0766988  3.03288  15.5349  2.22272
424  -0.0310663  -0.0760444  3.01911  15.4019  2.22097
425  -0.0309013  -0.0753952  3.00554  15.27  2.21923
426  -0.0307379  -0.0747512  2.99218  15.1392  2.21751
427  -0.0305762  -0.0741124  2.97903  15.0095  2.2158
428  -0.030416  -0.0734786  2.96607  14.8808  2.21411
429  -0.0302574  -0.07285  2.95331  14.7531  2.21244
430  -0.0301004  -0.0722264  2.94074  14.6265  2.21078
431  -0.0299449  -0.0716078  2.92836  14.5009  2.20913
432  -0.0297909  -0.0709941  2.91616  14.3763  2.2075
433  -0.0296385  -0.0703854  2.90415  14.2528  2.20588
434  -0.0294875  -0.0697816  2.89232  14.1302  2.20428
435  -0.0293379  -0.0691827  2.88066  14.0087  2.20269
436  -0.0291898  -0.0685885  2.86917  13.8881  2.20111
437  -0.0290431  -0.0679992  2.85786  13.7685  2.19955
438  -0.0288978  -0.0674146  2.84671  13.6499  2.198
439  -0.0287539  -0.0668347  2.83573  13.5323  2.19647
440  -0.0286113  -0.0662595  2.82491  13.4156  2.19495
441  -0.02847  -0.0656889  2.81425  13.2999  2.19344
442  -0.0283301  -0.065123  2.80374  13.1851  2.19195
443  -0.0281915  -0.0645617  2.79339  13.0713  2.19047
444  -0.0280542  -0.0640048  2.78319  12.9584  2.189
445  -0.0279181  -0.0634525  2.77314  12.8464  2.18755
446  -0.0277833  -0.0629047  2.76324  12.7353  2.1861
447  -0.0276497  -0.0623613  2.75348  12.6252  2.18468
448  -0.0275174  -0.0618223  2.74385  12.5159  2.18326
449  -0.0273862  -0.0612877  2.73437  12.4075  2.18185
450  -0.0272562  -0.0607575  2.72503  12.3001  2.18046
451  -0.0271274  -0.0602315  2.71582  12.1935  2.17908
452  -0.0269997  -0.0597098  2.70674  12.0878  2.17771
453  -0.0268731  -0.0591924  2.69779  11.9829  2.17636
454  -0.0267477  -0.0586792  2.68897  11.8789  2.17501
455  -0.0266234  -0.0581701  2.68028  11.7758  2.17368
456  -0.0265001  -0.0576652  2.67171  11.6735  2.17236
457  -0.0263779  -0.0571644  2.66326  11.572  2.17105
458  -0.0262568  -0.0566677  2.65493  11.4714  2.16975
459  -0.0261367  -0.056175  2.64672  11.3716  2.16846
460  -0.0260177  -0.0556864  2.63862  11.2727  2.16719
461  -0.0258997  -0.0552017  2.63064  11.1745  2.16592
462  -0.0257826  -0.054721  2.62277  11.0772  2.16467
463  -0.0256665  -0.0542443  2.61501  10.9806  2.16342
464  -0.0255515  -0.0537714  2.60736  10.8849  2.16219
465  -0.0254373  -0.0533024  2.59982  10.7899  2.16097
466  -0.0253241  -0.0528372  2.59238  10.6957  2.15976
467  -0.0252119  -0.0523758  2.58504  10.6023  2.15855
468  -0.0251005  -0.0519182  2.57781  10.5097  2.15736
469  -0.0249901  -0.0514644  2.57067  10.4178  2.15618
470  -0.0248805  -0.0510142  2.56364  10.3266  2.15501
471  -0.0247719  -0.0505677  2.5567  10.2363  2.15385
472  -0.024664  -0.0501249  2.54985  10.1467  2.1527
473  -0.0245571  -0.0496858  2.5431  10.0578  2.15156
474  -0.024451  -0.0492502  2.53644  9.96961  2.15043
475  -0.0243457  -0.0488182  2.52988  9.88218  2.1493
476  -0.0242412  -0.0483897  2.5234  9.79546  2.14819
477  -0.0241376  -0.0479647  2.51701  9.70947  2.14709
478  -0.0240347  -0.0475432  2.51071  9.62418  2.14599
479  -0.0239326  -0.0471252  2.50449  9.5396  2.14491
480  -0.0238313  -0.0467106  2.49836  9.45571  2.14383
481  -0.0237307  -0.0462994  2.4923  9.37251  2.14277
482  -0.0236309  -0.0458916  2.48633  9.29  2.14171
483  -0.0235319  -0.0454871  2.48044  9.20817  2.14066
484  -0.0234335  -0.045086  2.47463  9.12702  2.13962
485  -0.0233359  -0.0446881  2.4689  9.04653  2.13859
486  -0.023239  -0.0442935  2.46324  8.96671  2.13757
487  -0.0231428  -0.0439021  2.45766  8.88754  2.13655
488  -0.0230473  -0.0435139  2.45215  8.80902  2.13555
489  -0.0229524  -0.043129  2.44672  8.73116  2.13455
490  -0.0228582  -0.0427472  2.44135  8.65393  2.13356
491  -0.0227647  -0.0423685  2.43606  8.57734  2.13258
492  -0.0226719  -0.0419929  2.43084  8.50138  2.13161
493  -0.0225796  -0.0416204  2.42568  8.42605  2.13064
494  -0.022488  -0.041251  2.4206  8.35133  2.12969
495  -0.0223971  -0.0408845  2.41557  8.27724  2.12874
496  -0.0223067  -0.0405211  2.41062  8.20375  2.1278
497  -0.0222169  -0.0401607  2.40573  8.13086  2.12686
498  -0.0221278  -0.0398033  2.4009  8.05858  2.12594
499  -0.0220392  -0.0394487  2.39614  7.98689  2.12502
500  -0.0219512  -0.0390971  2.39143  7.91579  2.12411
501  -0.0218637  -0.0387484  2.38679  7.84527  2.1232
502  -0.0217768  -0.0384025  2.38221  7.77534  2.12231
503  -0.0216905  -0.0380594  2.37768  7.70598  2.12142
504  -0.0216047  -0.0377192  2.37322  7.63719  2.12054
505  -0.0215195  -0.0373817  2.36881  7.56896  2.11966
506  -0.0214348  -0.037047  2.36446  7.5013  2.1188
507  -0.0213506  -0.0367151  2.36016  7.43419  2.11794
508  -0.0212669  -0.0363859  2.35592  7.36763  2.11708
509  -0.0211837  -0.0360593  2.35173  7.30162  2.11624
510  -0.021101  -0.0357355  2.34759  7.23614  2.1154
511  -0.0210188  -0.0354143  2.34351  7.17121  2.11456
512  -0.0209371  -0.0350957  2.33947  7.10681  2.11374
513  -0.0208559  -0.0347797  2.33549  7.04293  2.11292
514  -0.0207751  -0.0344663  2.33156  6.97958  2.1121
515  -0.0206948  -0.0341555  2.32768  6.91675  2.1113
516  -0.020615  -0.0338472  2.32385  6.85443  2.11049
517  -0.0205356  -0.0335414  2.32006  6.79262  2.1097
518  -0.0204566  -0.0332381  2.31632  6.73132  2.10891
519  -0.0203781  -0.0329373  2.31263  6.67051  2.10813
520  -0.0203  -0.0326389  2.30898  6.61021  2.10736
521  -0.0202223  -0.032343  2.30538  6.55039  2.10659
522  -0.0201451  -0.0320495  2.30182  6.49107  2.10582
523  -0.0200682  -0.0317584  2.29831  6.43223  2.10506
524  -0.0199918  -0.0314696  2.29484  6.37386  2.10431
525  -0.0199157  -0.0311832  2.29141  6.31598  2.10357
526  -0.01984  -0.0308992  2.28803  6.25856  2.10283
527  -0.0197648  -0.0306174  2.28468  6.20161  2.10209
528  -0.0196898  -0.0303379  2.28138  6.14513  2.10136
529  -0.0196153  -0.0300607  2.27812  6.0891  2.10064
530  -0.0195412  -0.0297858  2.27489  6.03353  2.09992
531  -0.0194673  -0.0295131  2.27171  5.97841  2.09921
532  -0.0193939  -0.0292426  2.26856  5.92374  2.0985
533  -0.0193208  -0.0289742  2.26546  5.86951  2.0978
534  -0.019248  -0.0287081  2.26239  5.81572  2.09711
535  -0.0191756  -0.0284441  2.25935  5.76236  2.09642
536  -0.0191035  -0.0281822  2.25636  5.70944  2.09573
537  -0.0190318  -0.0279225  2.25339  5.65694  2.09505
538  -0.0189603  -0.0276648  2.25047  5.60487  2.09438
539  -0.0188892  -0.0274093  2.24758  5.55321  2.09371
540  -0.0188184  -0.0271558  2.24472  5.50198  2.09304
541  -0.0187479  -0.0269043  2.2419  5.45116  2.09238
542  -0.0186777  -0.0266549  2.23911  5.40074  2.09172
543  -0.0186078  -0.0264074  2.23635  5.35073  2.09107
544  -0.0185382  -0.026162  2.23363  5.30113  2.09043
545  -0.0184688  -0.0259185  2.23094  5.25192  2.08979
546  -0.0183998  -0.025677  2.22828  5.2031  2.08915
547  -0.018331  -0.0254374  2.22565  5.15468  2.08852
548  -0.0182625  -0.0251997  2.22305  5.10664  2.08789
549  -0.0181943  -0.0249639  2.22049  5.05899  2.08727
550  -0.0181264  -0.02473  2.21795  5.01172  2.08665
551  -0.0180586  -0.024498  2.21544  4.96483  2.08604
552  -0.0179912  -0.0242678  2.21296  4.91831  2.08543
553  -0.017924  -0.0240395  2.21051  4.87216  2.08483
554  -0.017857  -0.023813  2.20809  4.82637  2.08423
555  -0.0177903  -0.0235883  2.2057  4.78095  2.08363
556  -0.0177239  -0.0233653  2.20333  4.73589  2.08304
557  -0.0176576  -0.0231442  2.20099  4.69119  2.08245
558  -0.0175916  -0.0229248  2.19868  4.64684  2.08187
559  -0.0175258  -0.0227071  2.1964  4.60285  2.08129
560  -0.0174602  -0.0224911  2.19414  4.5592  2.08071
561  -0.0173949  -0.0222769  2.1919  4.51589  2.08014
562  -0.0173297  -0.0220643  2.1897  4.47292  2.07958
563  -0.0172648  -0.0218534  2.18751  4.4303  2.07901
564  -0.0172001  -0.0216442  2.18535  4.388  2.07845
565  -0.0171355  -0.0214366  2.18322  4.34604  2.0779
566  -0.0170712  -0.0212306  2.18111  4.30441  2.07735
567  -0.017007  -0.0210263  2.17903  4.2631  2.0768
568  -0.0169431  -0.0208235  2.17696  4.22212  2.07625
569  -0.0168793  -0.0206223  2.17493  4.18145  2.07571
570  -0.0168157  -0.0204227  2.17291  4.1411  2.07518
571  -0.0167523  -0.0202247  2.17092  4.10107  2.07464
572  -0.0166891  -0.0200282  2.16894  4.06134  2.07411
573  -0.016626  -0.0198332  2.167  4.02192  2.07359
574  -0.0165631  -0.0196397  2.16507  3.98281  2.07307
575  -0.0165003  -0.0194477  2.16316  3.944  2.07255
576  -0.0164378  -0.0192572  2.16128  3.90549  2.07203
577  -0.0163753  -0.0190682  2.15941  3.86727  2.07152
578  -0.016313  -0.0188806  2.15757  3.82935  2.07101
579  -0.0162509  -0.0186945  2.15575  3.79172  2.0705
580  -0.0161889  -0.0185098  2.15394  3.75437  2.07
581  -0.0161271  -0.0183265  2.15216  3.71731  2.0695
582  -0.0160654  -0.0181446  2.1504  3.68054  2.06901
583  -0.0160038  -0.0179641  2.14865  3.64404  2.06851
584  -0.0159424  -0.0177849  2.14693  3.60782  2.06803
585  -0.015881  -0.0176072  2.14522  3.57187  2.06754
586  -0.0158199  -0.0174307  2.14353  3.5362  2.06706
587  -0.0157588  -0.0172556  2.14186  3.50079  2.06657
588  -0.0156978  -0.0170818  2.14021  3.46565  2.0661
589  -0.015637  -0.0169094  2.13857  3.43078  2.06562
590  -0.0155763  -0.0167382  2.13696  3.39616  2.06515
591  -0.0155156  -0.0165683  2.13536  3.36181  2.06468
592  -0.0154551  -0.0163997  2.13378  3.32771  2.06422
593  -0.0153947  -0.0162323  2.13221  3.29386  2.06375
594  -0.0153344  -0.0160662  2.13066  3.26027  2.06329
595  -0.0152742  -0.0159013  2.12913  3.22692  2.06284
596  -0.0152141  -0.0157376  2.12762  3.19382  2.06238
597  -0.015154  -0.0155752  2.12612  3.16096  2.06193
598  -0.0150941  -0.0154139  2.12463  3.12835  2.06148
599  -0.0150342  -0.0152538  2.12317  3.09597  2.06103
600  -0.0149744  -0.0150949  2.12171  3.06383  2.06059
601  -0.0149147  -0.0149372  2.12028  3.03192  2.06015
602  -0.014855  -0.0147806  2.11885  3.00025  2.05971
603  -0.0147954  -0.0146251  2.11745  2.9688  2.05927
604  -0.0147359  -0.0144708  2.11605  2.93758  2.05884
605  -0.0146765  -0.0143175  2.11468  2.90659  2.05841
606  -0.0146171  -0.0141654  2.11331  2.87581  2.05798
607  -0.0145578  -0.0140144  2.11196  2.84526  2.05755
608  -0.0144985  -0.0138644  2.11063  2.81493  2.05713
609  -0.0144393  -0.0137156  2.10931  2.78481  2.05671
610  -0.0143801  -0.0135677  2.108  2.75491  2.05629
611  -0.014321  -0.013421  2.1067  2.72521  2.05587
612  -0.0142619  -0.0132752  2.10542  2.69573  2.05545
613  -0.0142028  -0.0131305  2.10415  2.66645  2.05504
614  -0.0141438  -0.0129868  2.1029  2.63737  2.05463
615  -0.0140848  -0.0128441  2.10166  2.6085  2.05422
616  -0.0140259  -0.0127024  2.10043  2.57983  2.05381
617  -0.0139669  -0.0125617  2.09921  2.55136  2.05341
618  -0.013908  -0.012422  2.098  2.52308  2.05301
619  -0.0138491  -0.0122832  2.09681  2.495  2.05261
620  -0.0137903  -0.0121453  2.09563  2.4671  2.05221
621  -0.0137314  -0.0120085  2.09446  2.4394  2.05181
622  -0.0136726  -0.0118725  2.0933  2.41189  2.05142
623  -0.0136137  -0.0117375  2.09216  2.38456  2.05103
624  -0.0135549  -0.0116033  2.09102  2.35741  2.05063
625  -0.0134961  -0.0114701  2.0899  2.33045  2.05025
626  -0.0134372  -0.0113378  2.08879  2.30366  2.04986
627  -0.0133784  -0.0112063  2.08769  2.27706  2.04947
628  -0.0133195  -0.0110757  2.0866  2.25063  2.04909
629  -0.0132607  -0.010946  2.08552  2.22437  2.04871
630  -0.0132018  -0.0108171  2.08445  2.19828  2.04833
631  -0.0131429  -0.0106891  2.08339  2.17237  2.04795
632  -0.013084  -0.0105619  2.08235  2.14662  2.04757
633  -0.0130251  -0.0104355  2.08131  2.12103  2.0472
634  -0.0129661  -0.01031  2.08028  2.09562  2.04683
635  -0.0129071  -0.0101852  2.07926  2.07036  2.04645
636  -0.0128481  -0.0100612  2.07826  2.04526  2.04608
637  -0.012789  -0.00993806  2.07726  2.02032  2.04572
638  -0.0127299  -0.00981566  2.07627  1.99554  2.04535
639  -0.0126708  -0.00969403  2.07529  1.97092  2.04498
640  -0.0126116  -0.00957315  2.07432  1.94644  2.04462
641  -0.0125523  -0.00945303  2.07336  1.92212  2.04426
642  -0.012493  -0.00933364  2.07241  1.89794  2.0439
643  -0.0124337  -0.00921499  2.07147  1.87392  2.04354
644  -0.0123743  -0.00909705  2.07054  1.85004  2.04318
645  -0.0123148  -0.00897983  2.06962  1.8263  2.04282
646  -0.0122552  -0.00886332  2.0687  1.8027  2.04247
647  -0.0121956  -0.0087475  2.06779  1.77925  2.04211
648  -0.0121359  -0.00863237  2.0669  1.75593  2.04176
649  -0.0120761  -0.00851791  2.06601  1.73275  2.04141
650  -0.0120163  -0.00840413  2.06513  1.7097  2.04106
651  -0.0119563  -0.00829101  2.06425  1.68679  2.04071
652  -0.0118963  -0.00817854  2.06339  1.66401  2.04036
653  -0.0118361  -0.00806672  2.06253  1.64136  2.04001
654  -0.0117759  -0.00795553  2.06168  1.61884  2.03966
655  -0.0117156  -0.00784497  2.06084  1.59644  2.03932
656  -0.0116551  -0.00773503  2.06001  1.57417  2.03898
657  -0.0115946  -0.0076257  2.05918  1.55203  2.03863
658  -0.0115339  -0.00751698  2.05837  1.53  2.03829
659  -0.0114732  -0.00740885  2.05756  1.5081  2.03795
660  -0.0114123  -0.0073013  2.05675  1.48631  2.03761
661  -0.0113512  -0.00719434  2.05596  1.46464  2.03727
662  -0.0112901  -0.00708794  2.05517  1.44308  2.03693
663  -0.0112288  -0.00698211  2.05439  1.42164  2.0366
664  -0.0111674  -0.00687684  2.05361  1.40031  2.03626
665  -0.0111058  -0.00677211  2.05285  1.37909  2.03593
666  -0.0110441  -0.00666792  2.05209  1.35798  2.03559
667  -0.0109823  -0.00656427  2.05134  1.33698  2.03526
668  -0.0109203  -0.00646113  2.05059  1.31608  2.03492
669  -0.0108581  -0.00635852  2.04985  1.29528  2.03459
670  -0.0107958  -0.00625641  2.04912  1.27459  2.03426
671  -0.0107333  -0.0061548  2.04839  1.254  2.03393
672  -0.0106706  -0.00605369  2.04767  1.23351  2.0336
673  -0.0106077  -0.00595306  2.04696  1.21312  2.03327
674  -0.0105447  -0.00585291  2.04625  1.19282  2.03294
675  -0.0104815  -0.00575323  2.04555  1.17262  2.03261
676  -0.0104181  -0.00565401  2.04485  1.15251  2.03228
677  -0.0103545  -0.00555525  2.04417  1.13249  2.03196
678  -0.0102907  -0.00545693  2.04348  1.11257  2.03163
679  -0.0102267  -0.00535906  2.04281  1.09273  2.0313
680  -0.0101624  -0.00526163  2.04214  1.07298  2.03098
681  -0.010098  -0.00516461  2.04147  1.05332  2.03065
682  -0.0100333  -0.00506802  2.04081  1.03374  2.03033
683  -0.00996846  -0.00497184  2.04016  1.01424  2.03
684  -0.00990334  -0.00487607  2.03951  0.994829  2.02968
685  -0.00983798  -0.00478069  2.03887  0.975495  2.02936
686  -0.00977238  -0.0046857  2.03824  0.95624  2.02903
687  -0.00970653  -0.0045911  2.03761  0.937063  2.02871
688  -0.00964043  -0.00449687  2.03698  0.917962  2.02839
689  -0.00957407  -0.00440301  2.03636  0.898936  2.02807
690  -0.00950744  -0.00430952  2.03575  0.879982  2.02774
691  -0.00944055  -0.00421638  2.03514  0.861101  2.02742
692  -0.00937337  -0.00412359  2.03454  0.84229  2.0271
693  -0.00930591  -0.00403114  2.03394  0.823548  2.02678
694  -0.00923816  -0.00393903  2.03335  0.804874  2.02646
695  -0.00917012  -0.00384724  2.03276  0.786266  2.02613
696  -0.00910177  -0.00375578  2.03218  0.767723  2.02581
697  -0.00903312  -0.00366462  2.03161  0.749244  2.02549
698  -0.00896415  -0.00357378  2.03103  0.730827  2.02517
699  -0.00889485  -0.00348324  2.03047  0.712471  2.02485
700  -0.00882523  -0.00339299  2.02991  0.694175  2.02453
701  -0.00875528  -0.00330303  2.02935  0.675937  2.0242
702  -0.00868498  -0.00321335  2.0288  0.657756  2.02388
703  -0.00861434  -0.00312394  2.02825  0.63963  2.02356
704  -0.00854334  -0.00303481  2.02771  0.621559  2.02324
705  -0.00847197  -0.00294593  2.02717  0.603541  2.02292
706  -0.00840024  -0.00285731  2.02664  0.585574  2.02259
707  -0.00832813  -0.00276893  2.02611  0.567657  2.02227
708  -0.00825563  -0.0026808  2.02559  0.54979  2.02195
709  -0.00818274  -0.0025929  2.02507  0.531971  2.02162
710  -0.00810945  -0.00250523  2.02456  0.514198  2.0213
711  -0.00803575  -0.00241778  2.02405  0.49647  2.02098
712  -0.00796163  -0.00233054  2.02355  0.478786  2.02065
713  -0.00788709  -0.00224352  2.02305  0.461145  2.02033
714  -0.00781211  -0.0021567  2.02256  0.443545  2.02
715  -0.0077367  -0.00207007  2.02207  0.425985  2.01968
716  -0.00766083  -0.00198363  2.02158  0.408464  2.01935
717  -0.00758451  -0.00189738  2.0211  0.390981  2.01902
718  -0.00750771  -0.0018113  2.02063  0.373534  2.0187
719  -0.00743045  -0.0017254  2.02016  0.356122  2.01837
720  -0.00735269  -0.00163966  2.01969  0.338744  2.01804
721  -0.00727445  -0.00155408  2.01923  0.321399  2.01771
722  -0.00719569  -0.00146865  2.01877  0.304085  2.01738
723  -0.00711643  -0.00138336  2.01832  0.286801  2.01705
724  -0.00703664  -0.00129822  2.01787  0.269547  2.01672
725  -0.00695632  -0.00121321  2.01743  0.252319  2.01639
726  -0.00687546  -0.00112832  2.01699  0.235119  2.01606
727  -0.00679404  -0.00104356  2.01655  0.217944  2.01572
728  -0.00671206  -0.00095891  2.01612  0.200792  2.01539
729  -0.00662951  -0.00087437  2.0157  0.183664  2.01505
730  -0.00654638  -0.000789933  2.01528  0.166558  2.01472
731  -0.00646265  -0.000705592  2.01486  0.149472  2.01438
732  -0.00637831  -0.000621341  2.01445  0.132405  2.01404
733  -0.00629336  -0.000537175  2.01404  0.115356  2.0137
734  -0.00620778  -0.000453086  2.01364  0.0983246  2.01336
735  -0.00612155  -0.00036907  2.01324  0.0813087  2.01302
736  -0.00603468  -0.00028512  2.01285  0.0643074  2.01268
737  -0.00594715  -0.000201229  2.01246  0.0473196  2.01233
738  -0.00585894  -0.000117393  2.01208  0.030344  2.01199
739  -0.00577004  -3.36042e-05  2.0117  0.0133795  2.01164
740  -0.00568044  5.01424e-05  2.01132  -0.00357499  2.01129
741  -0.00559013  0.000133853  2.01095  -0.0205207  2.01094
742  -0.0054991  0.000217534  2.01059  -0.0374587  2.01059
743  -0.00540733  0.000301191  2.01023  -0.0543903  2.01024
744  -0.0053148  0.000384829  2.00987  -0.0713164  2.00989
745  -0.00522152  0.000468456  2.00952  -0.0882384  2.00953
746  -0.00512745  0.000552077  2.00918  -0.105157  2.00918
747  -0.00503259  0.000635697  2.00884  -0.122074  2.00882
748  -0.00493692  0.000719323  2.0085  -0.13899  2.00846
749  -0.00484044  0.000802961  2.00817  -0.155906  2.0081
750  -0.00474312  0.000886616  2.00785  -0.172824  2.00774
751  -0.00464495  0.000970294  2.00753  -0.189744  2.00737
752  -0.00454591  0.001054  2.00721  -0.206667  2.00701
753  -0.00444599  0.00113774  2.00691  -0.223596  2.00664
754  -0.00434518  0.00122153  2.0066  -0.24053  2.00627
755  -0.00424345  0.00130536  2.0063  -0.257471  2.0059
756  -0.0041408  0.00138924  2.00601  -0.274419  2.00552
757  -0.0040372  0.00147319  2.00572  -0.291377  2.00515
758  -0.00393265  0.00155719  2.00544  -0.308345  2.00477
759  -0.00382711  0.00164127  2.00517  -0.325324  2.00439
760  -0.00372058  0.00172542  2.0049  -0.342315  2.00401
761  -0.00361304  0.00180965  2.00463  -0.35932  2.00362
762  -0.00350447  0.00189398  2.00437  -0.376339  2.00324
763  -0.00339486  0.00197839  2.00412  -0.393373  2.00285
764  -0.00328417  0.0020629  2.00387  -0.410424  2.00246
765  -0.00317241  0.00214752  2.00363  -0.427492  2.00206
766  -0.00305954  0.00223225  2.0034  -0.444578  2.00167
767  -0.00294555  0.0023171  2.00317  -0.461684  2.00127
768  -0.00283041  0.00240206  2.00295  -0.478811  2.00087
769  -0.00271412  0.00248716  2.00274  -0.495959  2.00047
770  -0.00259665  0.00257239  2.00253  -0.513129  2.00006
771  -0.00247797  0.00265776  2.00233  -0.530323  1.99965
772  -0.00235807  0.00274327  2.00213  -0.547542  1.99924
773  -0.00223693  0.00282893  2.00195  -0.564785  1.99883
774  -0.00211453  0.00291475  2.00177  -0.582056  1.99841
775  -0.00199084  0.00300073  2.0016  -0.599353  1.99799
776  -0.00186584  0.00308688  2.00143  -0.616679  1.99757
777  -0.00173951  0.0031732  2.00127  -0.634035  1.99715
778  -0.00161183  0.0032597  2.00112  -0.65142  1.99672
779  -0.00148278  0.00334638  2.00098  -0.668837  1.99629
780  -0.00135232  0.00343326  2.00085  -0.686286  1.99585
781  -0.00122045  0.00352033  2.00072  -0.703767  1.99541
782  -0.00108712  0.0036076  2.00061  -0.721283  1.99497
783  -0.000952328  0.00369507  2.0005  -0.738833  1.99453
784  -0.000816037  0.00378276  2.0004  -0.756419  1.99408
785  -0.000678225  0.00387067  2.00031  -0.774041  1.99363
786  -0.000538865  0.0039588  2.00022  -0.791701  1.99318
787  -0.000397933  0.00404715  2.00015  -0.809399  1.99272
788  -0.000255402  0.00413574  2.00009  -0.827136  1.99226
789  -0.000111245  0.00422458  2.00003  -0.844913  1.99179
790  3.45657e-05  0.00431365  1.99999  -0.86273  1.99132
791  0.000182057  0.00440298  1.99996  -0.880589  1.99085
792  0.000331257  0.00449256  1.99993  -0.89849  1.99037
793  0.000482193  0.0045824  1.99992  -0.916434  1.98989
794  0.000634896  0.00467251  1.99992  -0.934421  1.98941
795  0.000789394  0.00476289  1.99992  -0.952453  1.98892
796  0.000945717  0.00485355  1.99994  -0.97053  1.98843
797  0.00110389  0.00494449  1.99997  -0.988653  1.98793
798  0.00126396  0.00503571  2.00002  -1.00682  1.98743
799  0.00142594  0.00512723  2.00007  -1.02504  1.98692
800  0.00158987  0.00521905  2.00014  -1.0433  1.98641
801  0.00175577  0.00531117  2.00022  -1.06162  1.9859
802  0.00192369  0.00540359  2.00031  -1.07998  1.98538
803  0.00209366  0.00549634  2.00041  -1.09839  1.98485
804  0.0022657  0.00558939  2.00053  -1.11685  1.98433
805  0.00243985  0.00568278  2.00066  -1.13536  1.98379
806  0.00261615  0.00577649  2.0008  -1.15393  1.98325
807  0.00279463  0.00587053  2.00096  -1.17254  1.98271
808  0.00297533  0.00596491  2.00114  -1.19121  1.98216
809  0.00315828  0.00605963  2.00132  -1.20993  1.98161
810  0.00334351  0.0061547  2.00153  -1.2287  1.98105
811  0.00353107  0.00625013  2.00175  -1.24753  1.98049
812  0.00372099  0.00634591  2.00198  -1.26641  1.97992
813  0.00391331  0.00644205  2.00223  -1.28535  1.97935
814  0.00410806  0.00653856  2.0025  -1.30434  1.97877
815  0.00430529  0.00663543  2.00278  -1.32338  1.97818
816  0.00450503  0.00673269  2.00308  -1.34248  1.97759
817  0.00470732  0.00683032  2.0034  -1.36163  1.97699
818  0.00491221  0.00692834  2.00374  -1.38084  1.97639
819  0.00511973  0.00702674  2.00409  -1.40011  1.97578
820  0.00532992  0.00712554  2.00447  -1.41943  1.97517
821  0.00554283  0.00722473  2.00486  -1.4388  1.97455
822  0.0057585  0.00732433  2.00528  -1.45823  1.97392
823  0.00597696  0.00742433  2.00571  -1.47772  1.97329
824  0.00619827  0.00752473  2.00616  -1.49726  1.97265
825  0.00642246  0.00762555  2.00664  -1.51686  1.972
826  0.00664958  0.00772679  2.00713  -1.53651  1.97135
827  0.00687968  0.00782844  2.00765  -1.55622  1.97069
828  0.00711279  0.00793052  2.00819  -1.57599  1.97003
829  0.00734897  0.00803303  2.00875  -1.5958  1.96935
830  0.00758825  0.00813596  2.00934  -1.61568  1.96868
831  0.00783069  0.00823933  2.00995  -1.6356  1.96799
832  0.00807633  0.00834313  2.01059  -1.65558  1.9673
833  0.00832522  0.00844738  2.01125  -1.67561  1.9666
834  0.0085774  0.00855206  2.01193  -1.6957  1.96589
835  0.00883292  0.00865719  2.01264  -1.71583  1.96517
836  0.00909184  0.00876277  2.01338  -1.73602  1.96445
837  0.0093542  0.00886879  2.01414  -1.75626  1.96372
838  0.00962004  0.00897527  2.01494  -1.77655  1.96298
839  0.00988942  0.00908221  2.01576  -1.79688  1.96224
840  0.0101624  0.0091896  2.01661  -1.81726  1.96148
841  0.010439  0.00929745  2.01749  -1.83769  1.96072
842  0.0107193  0.00940576  2.01839  -1.85817  1.95995
843  0.0110033  0.00951453  2.01933  -1.87869  1.95918
844  0.0112911  0.00962376  2.0203  -1.89925  1.95839
845  0.0115828  0.00973346  2.0213  -1.91986  1.9576
846  0.0118783  0.00984362  2.02234  -1.9405  1.95679
847  0.0121778  0.00995425  2.02341  -1.96119  1.95598
848  0.0124813  0.0100653  2.02451  -1.98191  1.95516
849  0.0127889  0.0101769  2.02564  -2.00267  1.95434
850  0.0131005  0.0102889  2.02681  -2.02346  1.9535
851  0.0134163  0.0104014  2.02802  -2.04429  1.95265
852  0.0137363  0.0105144  2.02926  -2.06514  1.9518
853  0.0140605  0.0106278  2.03053  -2.08603  1.95093
854  0.0143891  0.0107417  2.03185  -2.10694  1.95006
855  0.014722  0.0108561  2.0332  -2.12787  1.94918
856  0.0150594  0.0109709  2.0346  -2.14883  1.94829
857  0.0154012  0.0110862  2.03603  -2.1698  1.94739
858  0.0157475  0.011202  2.0375  -2.1908  1.94647
859  0.0160984  0.0113182  2.03901  -2.2118  1.94555
860  0.016454  0.0114348  2.04056  -2.23282  1.94462
861  0.0168142  0.011552  2.04216  -2.25385  1.94368
862  0.0171791  0.0116695  2.0438  -2.27488  1.94273
863  0.0175488  0.0117876  2.04548  -2.29592  1.94177
864  0.0179234  0.011906  2.0472  -2.31696  1.9408
865  0.0183029  0.0120249  2.04897  -2.33799  1.93982
866  0.0186872  0.0121443  2.05078  -2.35901  1.93883
867  0.0190766  0.0122641  2.05264  -2.38003  1.93783
868  0.019471  0.0123843  2.05455  -2.40103  1.93682
869  0.0198705  0.0125049  2.0565  -2.42201  1.9358
870  0.0202752  0.0126259  2.0585  -2.44297  1.93477
871  0.020685  0.0127474  2.06055  -2.4639  1.93373
872  0.0211  0.0128692  2.06265  -2.48481  1.93267
873  0.0215204  0.0129915  2.0648  -2.50568  1.93161
874  0.021946  0.0131142  2.06699  -2.52651  1.93053
875  0.022377  0.0132372  2.06924  -2.54729  1.92945
876  0.0228135  0.0133606  2.07154  -2.56803  1.92835
877  0.0232554  0.0134844  2.07388  -2.58871  1.92724
878  0.0237027  0.0136085  2.07628  -2.60934  1.92612
879  0.0241557  0.013733  2.07873  -2.6299  1.92499
880  0.0246142  0.0138578  2.08124  -2.65039  1.92385
881  0.0250783  0.013983  2.08379  -2.67081  1.9227
882  0.0255481  0.0141085  2.0864  -2.69115  1.92154
883  0.0260235  0.0142343  2.08906  -2.71141  1.92036
884  0.0265047  0.0143603  2.09178  -2.73157  1.91918
885  0.0269916  0.0144867  2.09455  -2.75163  1.91798
886  0.0274843  0.0146134  2.09737  -2.77159  1.91677
887  0.0279829  0.0147403  2.10025  -2.79144  1.91555
888  0.0284872  0.0148674  2.10318  -2.81118  1.91432
889  0.0289974  0.0149948  2.10616  -2.83079  1.91308
890  0.0295135  0.0151224  2.1092  -2.85027  1.91183
891  0.0300356  0.0152502  2.1123  -2.86961  1.91056
892  0.0305635  0.0153782  2.11545  -2.88881  1.90929
893  0.0310974  0.0155064  2.11865  -2.90786  1.908
894  0.0316372  0.0156347  2.1219  -2.92675  1.9067
895  0.032183  0.0157631  2.12521  -2.94548  1.90539
896  0.0327347  0.0158917  2.12857  -2.96403  1.90407
897  0.0332925  0.0160204  2.13199  -2.98241  1.90274
898  0.0338562  0.0161492  2.13545  -3.00059  1.9014
899  0.0344259  0.016278  2.13897  -3.01858  1.90004
900  0.0350016  0.0164069  2.14254  -3.03636  1.89868
901  0.0355832  0.0165358  2.14616  -3.05393  1.8973
902  0.0361708  0.0166647  2.14983  -3.07128  1.89591
903  0.0367644  0.0167937  2.15354  -3.08841  1.89452
904  0.0373638  0.0169225  2.15731  -3.10529  1.89311
905  0.0379692  0.0170513  2.16112  -3.12193  1.89169
906  0.0385805  0.0171801  2.16498  -3.13832  1.89026
907  0.0391977  0.0173087  2.16888  -3.15445  1.88882
908  0.0398207  0.0174372  2.17283  -3.1703  1.88737
909  0.0404494  0.0175655  2.17682  -3.18587  1.88591
910  0.041084  0.0176937  2.18085  -3.20116  1.88445
911  0.0417243  0.0178217  2.18492  -3.21615  1.88297
912  0.0423702  0.0179494  2.18902  -3.23083  1.88148
913  0.0430218  0.0180769  2.19317  -3.2452  1.87998
914  0.0436789  0.0182041  2.19735  -3.25925  1.87847
915  0.0443416  0.018331  2.20156  -3.27297  1.87696
916  0.0450097  0.0184576  2.2058  -3.28634  1.87543
917  0.0456832  0.0185838  2.21007  -3.29937  1.8739
918  0.0463621  0.0187096  2.21436  -3.31204  1.87236
919  0.0470462  0.0188351  2.21868  -3.32434  1.87081
920  0.0477354  0.01896  2.22303  -3.33627  1.86925
921  0.0484298  0.0190845  2.22739  -3.34782  1.86768
922  0.0491291  0.0192086  2.23177  -3.35898  1.86611
923  0.0498334  0.019332  2.23616  -3.36973  1.86453
924  0.0505425  0.019455  2.24057  -3.38008  1.86294
925  0.0512563  0.0195773  2.24499  -3.39002  1.86134
926  0.0519747  0.019699  2.24941  -3.39953  1.85974
927  0.0526976  0.0198201  2.25384  -3.40861  1.85813
928  0.0534249  0.0199405  2.25826  -3.41726  1.85652
929  0.0541565  0.0200602  2.26269  -3.42545  1.8549
930  0.0548923  0.0201792  2.26711  -3.4332  1.85328
931  0.0556321  0.0202974  2.27152  -3.44049  1.85165
932  0.0563758  0.0204148  2.27592  -3.44731  1.85001
933  0.0571233  0.0205314  2.2803  -3.45366  1.84838
934  0.0578744  0.0206471  2.28467  -3.45953  1.84673
935  0.0586291  0.020762  2.28901  -3.46492  1.84509
936  0.0593871  0.0208759  2.29333  -3.46982  1.84344
937  0.0601483  0.0209889  2.29762  -3.47423  1.84178
938  0.0609126  0.021101  2.30187  -3.47813  1.84013
939  0.0616798  0.021212  2.3061  -3.48153  1.83847
940  0.0624497  0.0213221  2.31028  -3.48442  1.83681
941  0.0632223  0.0214311  2.31442  -3.4868  1.83515
942  0.0639973  0.021539  2.31851  -3.48866  1.83349
943  0.0647746  0.0216458  2.32255  -3.49001  1.83182
944  0.065554  0.0217515  2.32654  -3.49083  1.83016
945  0.0663354  0.021856  2.33047  -3.49112  1.8285
946  0.0671185  0.0219593  2.33434  -3.49089  1.82683
947  0.0679032  0.0220615  2.33815  -3.49012  1.82517
948  0.0686893  0.0221624  2.34188  -3.48883  1.82351
949  0.0694767  0.022262  2.34555  -3.487  1.82185
950  0.0702652  0.0223604  2.34914  -3.48464  1.82019
951  0.0710545  0.0224575  2.35265  -3.48175  1.81853
952  0.0718446  0.0225533  2.35608  -3.47833  1.81687
953  0.0726352  0.0226477  2.35942  -3.47437  1.81522
954  0.0734261  0.0227408  2.36268  -3.46988  1.81357
955  0.0742173  0.0228325  2.36584  -3.46486  1.81193
956  0.0750084  0.0229228  2.36891  -3.45931  1.81029
957  0.0757993  0.0230117  2.37188  -3.45323  1.80865
958  0.0765898  0.0230991  2.37474  -3.44663  1.80702
959  0.0773798  0.0231852  2.37751  -3.43951  1.8054
960  0.0781691  0.0232697  2.38016  -3.43187  1.80377
961  0.0789574  0.0233528  2.38271  -3.42371  1.80216
962  0.0797447  0.0234344  2.38514  -3.41505  1.80055
963  0.0805307  0.0235146  2.38746  -3.40587  1.79895
964  0.0813152  0.0235932  2.38966  -3.3962  1.79735
965  0.0820981  0.0236703  2.39174  -3.38603  1.79576
966  0.0828793  0.0237458  2.39371  -3.37537  1.79418
967  0.0836585  0.0238199  2.39554  -3.36423  1.79261
968  0.0844355  0.0238924  2.39725  -3.3526  1.79104
969  0.0852103  0.0239633  2.39884  -3.3405  1.78949
970  0.0859826  0.0240327  2.40029  -3.32794  1.78794
971  0.0867523  0.0241006  2.40161  -3.31492  1.7864
972  0.0875192  0.0241668  2.40281  -3.30144  1.78487
973  0.0882832  0.0242316  2.40387  -3.28753  1.78335
974  0.0890442  0.0242947  2.40479  -3.27317  1.78184
975  0.0898019  0.0243563  2.40558  -3.25839  1.78034
976  0.0905562  0.0244164  2.40623  -3.24319  1.77885
977  0.0913071  0.0244749  2.40675  -3.22757  1.77737
978  0.0920543  0.0245318  2.40713  -3.21156  1.7759
979  0.0927977  0.0245872  2.40737  -3.19515  1.77445
980  0.0935372  0.024641  2.40748  -3.17835  1.773
981  0.0942728  0.0246933  2.40744  -3.16118  1.77157
982  0.0950041  0.024744  2.40727  -3.14365  1.77014
983  0.0957312  0.0247932  2.40696  -3.12576  1.76873
984  0.0964539  0.0248409  2.40652  -3.10752  1.76733
985  0.0971722  0.0248871  2.40593  -3.08894  1.76594
986  0.0978858  0.0249318  2.40522  -3.07004  1.76457
987  0.0985948  0.024975  2.40436  -3.05082  1.76321
988  0.099299  0.0250167  2.40337  -3.03129  1.76185
989  0.0999983  0.025057  2.40225  -3.01146  1.76052
990  0.100693  0.0250957  2.40099  -2.99135  1.75919
991  0.101382  0.0251331  2.3996  -2.97095  1.75788
992  0.102066  0.025169  2.39808  -2.95029  1.75658
993  0.102745  0.0252035  2.39643  -2.92938  1.75529
994  0.103419  0.0252365  2.39465  -2.90821  1.75402
995  0.104087  0.0252682  2.39274  -2.88681  1.75276
996  0.10475  0.0252985  2.39071  -2.86518  1.75151
997  0.105408  0.0253275  2.38856  -2.84333  1.75028
998  0.10606  0.0253551  2.38629  -2.82127  1.74906
999  0.106707  0.0253814  2.38389  -2.79901  1.74785
1000  0.107348  0.0254064  2.38138  -2.77657  1.74666
1001  0.107983  0.0254301  2.37875  -2.75395  1.74548
1002  0.108613  0.0254526  2.37601  -2.73115  1.74431
1003  0.109237  0.0254737  2.37315  -2.7082  1.74316
1004  0.109856  0.0254937  2.37019  -2.68509  1.74202
1005  0.110468  0.0255124  2.36712  -2.66184  1.74089
1006  0.111075  0.02553  2.36394  -2.63846  1.73978
1007  0.111676  0.0255463  2.36066  -2.61495  1.73868
1008  0.112272  0.0255616  2.35728  -2.59133  1.73759
1009  0.112861  0.0255756  2.3538  -2.5676  1.73652
1010  0.113445  0.0255886  2.35022  -2.54377  1.73546
1011  0.114023  0.0256005  2.34655  -2.51985  1.73441
1012  0.114595  0.0256113  2.34279  -2.49585  1.73338
1013  0.115161  0.025621  2.33894  -2.47177  1.73235
1014  0.115722  0.0256297  2.335  -2.44762  1.73134
1015  0.116277  0.0256374  2.33097  -2.42341  1.73035
1016  0.116826  0.0256441  2.32687  -2.39915  1.72937
1017  0.117369  0.0256498  2.32268  -2.37484  1.7284
1018  0.117907  0.0256545  2.31842  -2.3505  1.72744
1019  0.118439  0.0256584  2.31408  -2.32612  1.72649
1020  0.118965  0.0256613  2.30967  -2.30172  1.72556
1021  0.119486  0.0256633  2.30519  -2.2773  1.72464
1022  0.120001  0.0256645  2.30064  -2.25286  1.72373
1023  0.12051  0.0256647  2.29603  -2.22842  1.72283
1024  0.121014  0.0256642  2.29135  -2.20398  1.72195
1025  0.121512  0.0256629  2.28661  -2.17954  1.72107
1026  0.122005  0.0256607  2.28181  -2.15511  1.72021
1027  0.122492  0.0256578  2.27695  -2.1307  1.71936
1028  0.122974  0.0256541  2.27204  -2.10631  1.71852
1029  0.12345  0.0256497  2.26708  -2.08194  1.7177
1030  0.123921  0.0256445  2.26207  -2.0576  1.71688
1031  0.124387  0.0256387  2.25701  -2.0333  1.71608
1032  0.124848  0.0256322  2.2519  -2.00904  1.71528
1033  0.125303  0.025625  2.24675  -1.98482  1.7145
1034  0.125753  0.0256172  2.24156  -1.96065  1.71373
1035  0.126199  0.0256087  2.23633  -1.93653  1.71297
1036  0.126639  0.0255997  2.23106  -1.91247  1.71222
1037  0.127074  0.02559  2.22575  -1.88846  1.71148
1038  0.127504  0.0255798  2.22041  -1.86452  1.71074
1039  0.127929  0.025569  2.21503  -1.84064  1.71002
1040  0.128349  0.0255577  2.20963  -1.81683  1.70931
1041  0.128765  0.0255458  2.20419  -1.79309  1.70861
1042  0.129176  0.0255335  2.19873  -1.76943  1.70792
1043  0.129582  0.0255206  2.19324  -1.74584  1.70724
1044  0.129983  0.0255073  2.18773  -1.72233  1.70657
1045  0.13038  0.0254935  2.1822  -1.69891  1.7059
1046  0.130772  0.0254792  2.17664  -1.67557  1.70525
1047  0.13116  0.0254646  2.17106  -1.65231  1.7046
1048  0.131544  0.0254495  2.16547  -1.62915  1.70397
1049  0.131923  0.025434  2.15986  -1.60608  1.70334
1050  0.132297  0.0254181  2.15423  -1.58309  1.70272
1051  0.132668  0.0254018  2.14859  -1.5602  1.70211
1052  0.133034  0.0253852  2.14294  -1.53741  1.7015
1053  0.133397  0.0253682  2.13727  -1.51472  1.70091
1054  0.133755  0.0253509  2.13159  -1.49212  1.70032
1055  0.134109  0.0253333  2.12591  -1.46962  1.69974
1056  0.134459  0.0253153  2.12021  -1.44722  1.69917
1057  0.134805  0.0252971  2.11451  -1.42493  1.69861
1058  0.135148  0.0252786  2.1088  -1.40273  1.69805
1059  0.135486  0.0252598  2.10309  -1.38064  1.6975
1060  0.135821  0.0252407  2.09737  -1.35866  1.69696
1061  0.136152  0.0252214  2.09165  -1.33678  1.69643
1062  0.13648  0.0252018  2.08593  -1.315  1.6959
1063  0.136804  0.025182  2.0802  -1.29333  1.69538
1064  0.137125  0.025162  2.07448  -1.27177  1.69486
1065  0.137442  0.0251418  2.06875  -1.25031  1.69436
1066  0.137755  0.0251214  2.06303  -1.22896  1.69385
1067  0.138066  0.0251008  2.0573  -1.20772  1.69336
1068  0.138373  0.02508  2.05158  -1.18659  1.69287
1069  0.138677  0.025059  2.04586  -1.16556  1.69239
1070  0.138977  0.0250379  2.04015  -1.14464  1.69191
1071  0.139275  0.0250166  2.03444  -1.12383  1.69144
1072  0.139569  0.0249952  2.02873  -1.10312  1.69098
1073  0.139861  0.0249736  2.02303  -1.08253  1.69052
1074  0.140149  0.0249519  2.01733  -1.06204  1.69006
1075  0.140435  0.0249301  2.01164  -1.04165  1.68961
1076  0.140717  0.0249082  2.00596  -1.02137  1.68917
1077  0.140997  0.0248862  2.00028  -1.0012  1.68873
1078  0.141274  0.024864  1.99461  -0.981135  1.6883
1079  0.141548  0.0248418  1.98895  -0.961173  1.68787
1080  0.14182  0.0248195  1.9833  -0.941316  1.68745
1081  0.142089  0.0247972  1.97765  -0.921563  1.68703
1082  0.142356  0.0247747  1.97202  -0.901914  1.68662
1083  0.14262  0.0247522  1.96639  -0.882367  1.68621
1084  0.142881  0.0247297  1.96077  -0.862923  1.6858
1085  0.14314  0.0247071  1.95516  -0.843579  1.6854
1086  0.143397  0.0246844  1.94956  -0.824337  1.68501
1087  0.143652  0.0246617  1.94397  -0.805194  1.68462
1088  0.143904  0.024639  1.9384  -0.786151  1.68423
1089  0.144154  0.0246163  1.93283  -0.767206  1.68385
1090  0.144401  0.0245935  1.92727  -0.748358  1.68347
1091  0.144647  0.0245707  1.92172  -0.729607  1.68309
1092  0.14489  0.024548  1.91618  -0.710952  1.68272
1093  0.145132  0.0245252  1.91065  -0.692391  1.68235
1094  0.145371  0.0245024  1.90514  -0.673925  1.68199
1095  0.145608  0.0244796  1.89963  -0.655551  1.68163
1096  0.145844  0.0244568  1.89414  -0.637269  1.68127
1097  0.146077  0.024434  1.88865  -0.619078  1.68091
1098  0.146309  0.0244113  1.88318  -0.600976  1.68056
1099  0.146539  0.0243885  1.87772  -0.582964  1.68021
1100  0.146767  0.0243658  1.87227  -0.565039  1.67987
1101  0.146994  0.0243432  1.86682  -0.547201  1.67953
1102  0.147219  0.0243205  1.86139  -0.529448  1.67919
1103  0.147442  0.0242979  1.85597  -0.51178  1.67885
1104  0.147663  0.0242754  1.85056  -0.494195  1.67852
1105  0.147883  0.0242529  1.84516  -0.476692  1.67819
1106  0.148101  0.0242304  1.83977  -0.45927  1.67786
1107  0.148318  0.024208  1.8344  -0.441928  1.67753
1108  0.148534  0.0241856  1.82903  -0.424664  1.67721
1109  0.148748  0.0241633  1.82367  -0.407478  1.67689
1110  0.148961  0.0241411  1.81832  -0.390368  1.67657
1111  0.149172  0.0241189  1.81298  -0.373333  1.67625
1112  0.149382  0.0240968  1.80765  -0.356372  1.67594
1113  0.149591  0.0240748  1.80233  -0.339484  1.67563
1114  0.149798  0.0240529  1.79701  -0.322667  1.67532
1115  0.150005  0.024031  1.79171  -0.30592  1.67501
1116  0.15021  0.0240092  1.78641  -0.289241  1.6747
1117  0.150414  0.0239875  1.78113  -0.272631  1.6744
1118  0.150617  0.0239659  1.77585  -0.256086  1.67409
1119  0.150819  0.0239443  1.77058  -0.239607  1.67379
1120  0.15102  0.0239229  1.76531  -0.223191  1.67349
1121  0.151219  0.0239015  1.76006  -0.206838  1.6732
1122  0.151418  0.0238802  1.75481  -0.190546  1.6729
1123  0.151616  0.0238591  1.74956  -0.174313  1.67261
1124  0.151813  0.023838  1.74433  -0.15814  1.67231
1125  0.15201  0.0238171  1.7391  -0.142023  1.67202
1126  0.152205  0.0237962  1.73387  -0.125962  1.67173
1127  0.1524  0.0237755  1.72865  -0.109956  1.67144
1128  0.152594  0.0237548  1.72344  -0.094003  1.67115
1129  0.152787  0.0237343  1.71823  -0.0781019  1.67087
1130  0.152979  0.0237139  1.71303  -0.0622514  1.67058
1131  0.153171  0.0236936  1.70783  -0.04645  1.67029
1132  0.153362  0.0236734  1.70263  -0.0306965  1.67001
1133  0.153553  0.0236533  1.69744  -0.0149895  1.66973
1134  0.153742  0.0236334  1.69225  0.000672339  1.66944
1135  0.153932  0.0236136  1.68706  0.0162904  1.66916
1136  0.154121  0.0235939  1.68187  0.0318661  1.66888
1137  0.154309  0.0235743  1.67669  0.0474007  1.6686
1138  0.154497  0.0235549  1.67151  0.0628957  1.66832
1139  0.154685  0.0235356  1.66633  0.0783524  1.66804
1140  0.154872  0.0235164  1.66115  0.0937722  1.66776
1141  0.155059  0.0234974  1.65597  0.109156  1.66748
1142  0.155245  0.0234785  1.65079  0.124507  1.66721
1143  0.155431  0.0234597  1.64561  0.139824  1.66693
1144  0.155617  0.0234411  1.64043  0.15511  1.66665
1145  0.155803  0.0234226  1.63525  0.170367  1.66637
1146  0.155988  0.0234043  1.63006  0.185594  1.6661
1147  0.156173  0.0233861  1.62487  0.200795  1.66582
1148  0.156358  0.0233681  1.61968  0.21597  1.66554
1149  0.156543  0.0233502  1.61449  0.231121  1.66526
1150  0.156728  0.0233325  1.60929  0.246249  1.66499
1151  0.156913  0.0233149  1.60409  0.261356  1.66471
1152  0.157098  0.0232975  1.59888  0.276443  1.66443
1153  0.157283  0.0232802  1.59367  0.291511  1.66415
1154  0.157467  0.0232631  1.58846  0.306562  1.66388
1155  0.157652  0.0232462  1.58323  0.321598  1.6636
1156  0.157837  0.0232294  1.578  0.33662  1.66332
1157  0.158022  0.0232128  1.57276  0.351629  1.66304
1158  0.158207  0.0231964  1.56752  0.366628  1.66276
1159  0.158393  0.0231802  1.56226  0.381616  1.66248
1160  0.158578  0.0231641  1.557  0.396597  1.6622
1161  0.158764  0.0231482  1.55172  0.411571  1.66192
1162  0.15895  0.0231325  1.54644  0.42654  1.66163
1163  0.159137  0.0231169  1.54114  0.441505  1.66135
1164  0.159323  0.0231016  1.53584  0.456469  1.66107
1165  0.15951  0.0230864  1.53052  0.471432  1.66078
1166  0.159698  0.0230714  1.52519  0.486396  1.6605
1167  0.159886  0.0230566  1.51984  0.501363  1.66021
1168  0.160074  0.0230421  1.51448  0.516334  1.65992
1169  0.160263  0.0230277  1.50911  0.531312  1.65963
1170  0.160452  0.0230135  1.50372  0.546296  1.65934
1171  0.160642  0.0229995  1.49832  0.56129  1.65905
1172  0.160833  0.0229857  1.4929  0.576295  1.65876
1173  0.161024  0.0229721  1.48746  0.591312  1.65846
1174  0.161216  0.0229588  1.482  0.606343  1.65817
1175  0.161408  0.0229456  1.47652  0.621389  1.65787
1176  0.161601  0.0229327  1.47103  0.636454  1.65757
1177  0.161795  0.02292  1.46551  0.651537  1.65727
1178  0.16199  0.0229076  1.45998  0.666641  1.65697
1179  0.162186  0.0228953  1.45442  0.681768  1.65667
1180  0.162382  0.0228833  1.44884  0.696919  1.65636
1181  0.162579  0.0228716  1.44323  0.712097  1.65605
1182  0.162778  0.02286  1.4376  0.727302  1.65574
1183  0.162977  0.0228487  1.43195  0.742537  1.65543
1184  0.163177  0.0228377  1.42627  0.757804  1.65512
1185  0.163378  0.0228269  1.42056  0.773104  1.6548
1186  0.163581  0.0228164  1.41483  0.78844  1.65449
1187  0.163784  0.0228062  1.40906  0.803813  1.65416
1188  0.163989  0.0227962  1.40327  0.819225  1.65384
1189  0.164195  0.0227865  1.39745  0.834678  1.65352
1190  0.164402  0.022777  1.39159  0.850175  1.65319
1191  0.16461  0.0227679  1.3857  0.865717  1.65286
1192  0.16482  0.022759  1.37978  0.881306  1.65253
1193  0.165031  0.0227504  1.37383  0.896944  1.65219
1194  0.165243  0.0227422  1.36783  0.912634  1.65185
1195  0.165457  0.0227342  1.36181  0.928378  1.65151
1196  0.165673  0.0227265  1.35574  0.944177  1.65117
1197  0.16589  0.0227192  1.34964  0.960035  1.65082
1198  0.166108  0.0227121  1.34349  0.975953  1.65047
1199  0.166328  0.0227054  1.3373  0.991933  1.65011
1200  0.16655  0.022699  1.33108  1.00798  1.64976
1201  0.166774  0.022693  1.3248  1.02409  1.64939
1202  0.166999  0.0226873  1.31849  1.04027  1.64903
1203  0.167226  0.022682  1.31212  1.05653  1.64866
1204  0.167455  0.022677  1.30571  1.07286  1.64829
1205  0.167686  0.0226724  1.29925  1.08927  1.64791
1206  0.16792  0.0226682  1.29274  1.10575  1.64754
1207  0.168155  0.0226644  1.28618  1.12232  1.64715
1208  0.168392  0.0226609  1.27956  1.13898  1.64676
1209  0.168631  0.0226579  1.27289  1.15572  1.64637
1210  0.168873  0.0226552  1.26616  1.17256  1.64598
1211  0.169117  0.022653  1.25938  1.18949  1.64557
1212  0.169363  0.0226512  1.25253  1.20651  1.64517
1213  0.169611  0.0226498  1.24562  1.22364  1.64476
1214  0.169862  0.0226489  1.23865  1.24087  1.64434
1215  0.170116  0.0226484  1.23162  1.2582  1.64392
1216  0.170372  0.0226484  1.22452  1.27565  1.6435
1217  0.170631  0.0226489  1.21735  1.29321  1.64307
1218  0.170893  0.0226499  1.21011  1.31088  1.64263
1219  0.171157  0.0226513  1.20279  1.32868  1.64219
1220  0.171424  0.0226533  1.1954  1.3466  1.64174
1221  0.171695  0.0226558  1.18794  1.36465  1.64129
1222  0.171968  0.0226588  1.18039  1.38283  1.64083
1223  0.172244  0.0226624  1.17276  1.40115  1.64037
1224  0.172524  0.0226665  1.16505  1.4196  1.6399
1225  0.172807  0.0226712  1.15726  1.4382  1.63942
1226  0.173093  0.0226765  1.14937  1.45695  1.63894
1227  0.173383  0.0226823  1.14139  1.47585  1.63845
1228  0.173676  0.0226888  1.13332  1.49491  1.63795
1229  0.173973  0.0226959  1.12515  1.51413  1.63744
1230  0.174274  0.0227037  1.11688  1.53352  1.63693
1231  0.174578  0.0227121  1.10851  1.55308  1.63641
1232  0.174887  0.0227212  1.10003  1.57282  1.63589
1233  0.175199  0.022731  1.09144  1.59274  1.63535
1234  0.175516  0.0227415  1.08274  1.61285  1.63481
1235  0.175837  0.0227527  1.07392  1.63316  1.63426
1236  0.176162  0.0227647  1.06498  1.65367  1.6337
1237  0.176492  0.0227774  1.05592  1.67438  1.63313
1238  0.176826  0.022791  1.04673  1.69531  1.63255
1239  0.177165  0.0228053  1.0374  1.71646  1.63197
1240  0.17751  0.0228205  1.02795  1.73783  1.63137
1241  0.177859  0.0228365  1.01835  1.75944  1.63076
1242  0.178213  0.0228534  1.0086  1.7813  1.63015
1243  0.178573  0.0228712  0.998708  1.8034  1.62952
1244  0.178938  0.0228899  0.988659  1.82576  1.62889
1245  0.179308  0.0229096  0.978449  1.84839  1.62824
1246  0.179685  0.0229302  0.968073  1.87129  1.62758
1247  0.180067  0.0229519  0.957526  1.89448  1.62691
1248  0.180456  0.0229746  0.946802  1.91796  1.62623
1249  0.180851  0.0229983  0.935893  1.94175  1.62554
1250  0.181252  0.0230232  0.924794  1.96585  1.62483
1251  0.18166  0.0230491  0.913498  1.99028  1.62411
1252  0.182075  0.0230763  0.901998  2.01504  1.62338
1253  0.182498  0.0231046  0.890285  2.04016  1.62263
1254  0.182927  0.0231341  0.878353  2.06563  1.62188
1255  0.183364  0.0231649  0.866193  2.09148  1.6211
1256  0.183809  0.0231971  0.853796  2.11772  1.62031
1257  0.184262  0.0232305  0.841154  2.14437  1.61951
1258  0.184723  0.0232654  0.828255  2.17143  1.61869
1259  0.185193  0.0233017  0.815091  2.19893  1.61785
1260  0.185671  0.0233394  0.80165  2.22687  1.617
1261  0.186159  0.0233788  0.787922  2.25529  1.61613
1262  0.186656  0.0234196  0.773894  2.28419  1.61524
1263  0.187163  0.0234622  0.759554  2.3136  1.61433
1264  0.187681  0.0235064  0.744888  2.34354  1.6134
1265  0.188209  0.0235523  0.729883  2.37403  1.61246
1266  0.188747  0.0236001  0.714523  2.40509  1.61149
1267  0.189297  0.0236497  0.698793  2.43674  1.6105
1268  0.189859  0.0237013  0.682676  2.46902  1.60949
1269  0.190433  0.0237549  0.666155  2.50194  1.60845
1270  0.191019  0.0238106  0.649209  2.53555  1.6074
1271  0.191619  0.0238684  0.63182  2.56986  1.60631
1272  0.192232  0.0239285  0.613965  2.60491  1.6052
1273  0.192859  0.0239909  0.595622  2.64074  1.60407
1274  0.193501  0.0240558  0.576766  2.67738  1.60291
1275  0.194159  0.0241232  0.557371  2.71488  1.60172
1276  0.194832  0.0241932  0.53741  2.75326  1.60049
1277  0.195522  0.024266  0.516851  2.79259  1.59924
1278  0.19623  0.0243416  0.495664  2.8329  1.59796
1279  0.196955  0.0244202  0.473812  2.87425  1.59664
1280  0.1977  0.0245019  0.45126  2.91669  1.59528
1281  0.198465  0.0245868  0.427966  2.96029  1.59389
1282  0.19925  0.0246752  0.403888  3.0051  1.59246
1283  0.200058  0.0247671  0.378978  3.05119  1.59099
1284  0.200888  0.0248627  0.353186  3.09864  1.58947
1285  0.201742  0.0249623  0.326456  3.14753  1.58791
1286  0.202622  0.025066  0.298729  3.19794  1.58631
1287  0.203528  0.025174  0.269939  3.24997  1.58465
1288  0.204463  0.0252865  0.240016  3.30372  1.58295
1289  0.205427  0.0254039  0.20888  3.3593  1.58118
1290  0.206423  0.0255263  0.176447  3.41683  1.57936
1291  0.207452  0.0256541  0.142623  3.47644  1.57748
1292  0.208516  0.0257875  0.107305  3.53829  1.57554
1293  0.209618  0.0259269  0.0703784  3.60252  1.57352
1294  0.210759  0.0260727  0.0317171  3.66931  1.57144
1295  0.211943  0.0262253  -0.00881893  3.73887  1.56927
1296  0.213171  0.0263851  -0.0513856  3.81139  1.56703
1297  0.214449  0.0265526  -0.0961571  3.88712  1.56469
1298  0.215778  0.0267284  -0.143328  3.96632  1.56226
1299  0.217162  0.026913  -0.193119  4.0493  1.55973
1300  0.218607  0.0271071  -0.245777  4.13637  1.5571
1301  0.220116  0.0273114  -0.301582  4.22792  1.55434
1302  0.221695  0.0275268  -0.360854  4.32436  1.55146
1303  0.223349  0.0277541  -0.423958  4.42618  1.54845
1304  0.225087  0.0279944  -0.491313  4.53392  1.54529
1305  0.226914  0.028249  -0.563404  4.6482  1.54196
1306  0.22884  0.028519  -0.640791  4.76975  1.53846
1307  0.230874  0.028806  -0.724133  4.8994  1.53477
1308  0.233029  0.0291119  -0.814201  5.03811  1.53087
1309  0.235316  0.0294385  -0.911911  5.18703  1.52673
1310  0.237752  0.0297882  -1.01835  5.34751  1.52233
1311  0.240353  0.0301639  -1.13485  5.52114  1.51765
1312  0.243142  0.0305687  -1.26299  5.70985  1.51263
1313  0.246143  0.0310066  -1.40474  5.91599  1.50725
1314  0.249388  0.0314822  -1.56255  6.1424  1.50145
1315  0.252912  0.0320012  -1.73949  6.39266  1.49516
1316  0.256762  0.0325707  -1.93948  6.67125  1.48832
1317  0.260996  0.0331994  -2.16762  6.98387  1.48083
1318  0.265685  0.0338986  -2.43066  7.33798  1.47257
1319  0.270924  0.0346826  -2.73772  7.74344  1.46339
1320  0.276837  0.0355705  -3.10148  8.21367  1.45309
1321  0.283593  0.0365883  -3.54005  8.76739  1.4414
1322  0.291428  0.0377719  -4.08025  9.43163  1.42796
1323  0.30068  0.0391736  -4.76364  10.247  1.41224
1324  0.311867  0.0408722  -5.65816  11.2777  1.39345
1325  0.325811  0.0429943  -6.8829  12.6318  1.37039
1326  0.343935  0.0457573  -8.66674  14.5067  1.341
1327  0.36894  0.0495754  -11.5094  17.3082  1.30154
1328  0.406768  0.0553587  -16.7281  22.0203  1.24427
1329  0.473719  0.0656033  -29.0394  31.7612  1.15007
1330  0.635854  0.0904263  -79.1057  62.7768  0.959927
1331  1.52864  0.227141  -1290.99  421.922  0.876775
1332  163.012  24.9557  -1.73106e+09  5.30959e+06  26821.8
1333  2.6232e+14  4.017e+13  -0  -0  7.04255e+28
