#n, w_i
    1.22474     1.79174     2.22762     2.59422      2.9164     3.20704     3.47384     3.95439
          0    0.789294     1.19883     1.51923     1.78993       2.028     2.24265     2.62228
          0           0           0           0     1.18703     1.41187     1.61027     1.95382
          0           0    0.592071    0.476137           0    0.984531     1.18026     1.51083
          0           0           0    0.922989    0.756634           0    0.845335     1.17586
          0           0           0           0    0.399026    0.643514           0    0.901365
          0           0           0           0           0    0.343777    0.560933    0.663369
          0           0           0           0           0           0    0.302146 1.23909e-08
          0           0           0           0           0           0           0     0.44762
          0           0           0           0           0           0           0    0.243446
