# n      x1       x2       g1      g2

0  -1  -1  804  400
1  -0.9997  -0.999851  803.461  399.85
2  -0.999102  -0.999553  802.384  399.552
3  -0.998206  -0.999107  800.774  399.105
4  -0.997015  -0.998514  798.637  398.511
5  -0.995533  -0.997776  795.982  397.772
6  -0.993762  -0.996894  792.819  396.891
7  -0.99171  -0.99587  789.163  395.872
8  -0.98938  -0.994707  785.027  394.716
9  -0.98678  -0.993409  780.429  393.429
10  -0.983917  -0.991977  775.387  392.014
11  -0.980799  -0.990417  769.92  390.477
12  -0.977434  -0.988731  764.05  388.822
13  -0.973831  -0.986923  757.798  387.054
14  -0.969999  -0.984998  751.187  385.179
15  -0.965947  -0.98296  744.239  383.203
16  -0.961686  -0.980813  736.979  381.131
17  -0.957225  -0.978562  729.431  378.968
18  -0.952575  -0.976211  721.618  376.722
19  -0.947746  -0.973766  713.564  374.398
20  -0.942748  -0.97123  705.292  372.001
21  -0.937591  -0.968608  696.825  369.537
22  -0.932286  -0.965905  688.186  367.013
23  -0.926843  -0.963125  679.397  364.433
24  -0.92127  -0.960273  670.479  361.803
25  -0.915579  -0.957354  661.451  359.128
26  -0.909778  -0.95437  652.334  356.413
27  -0.903877  -0.951328  643.146  353.664
28  -0.897884  -0.948229  633.904  350.885
29  -0.891808  -0.94508  624.626  348.08
30  -0.885657  -0.941882  615.325  345.254
31  -0.879439  -0.93864  606.018  342.411
32  -0.873162  -0.935357  596.718  339.554
33  -0.866833  -0.932037  587.437  336.687
34  -0.860458  -0.928683  578.188  333.814
35  -0.854045  -0.925297  568.98  330.938
36  -0.847599  -0.921882  559.825  328.061
37  -0.841127  -0.918442  550.731  325.187
38  -0.834634  -0.914978  541.705  322.318
39  -0.828125  -0.911494  532.757  319.457
40  -0.821605  -0.907991  523.892  316.605
41  -0.815078  -0.904472  515.116  313.765
42  -0.80855  -0.900938  506.436  310.938
43  -0.802024  -0.897391  497.855  308.127
44  -0.795504  -0.893834  489.377  305.332
45  -0.788994  -0.890268  481.007  302.556
46  -0.782496  -0.886694  472.748  299.799
47  -0.776014  -0.883114  464.601  297.062
48  -0.76955  -0.879529  456.57  294.347
49  -0.763108  -0.875941  448.655  291.655
50  -0.75669  -0.872351  440.859  288.986
51  -0.750298  -0.868759  433.183  286.341
52  -0.743933  -0.865167  425.627  283.721
53  -0.737599  -0.861575  418.191  281.125
54  -0.731296  -0.857985  410.876  278.556
55  -0.725026  -0.854397  403.682  276.012
56  -0.718791  -0.850813  396.609  273.495
57  -0.712592  -0.847232  389.655  271.004
58  -0.706429  -0.843655  382.822  268.54
59  -0.700305  -0.840084  376.107  266.102
60  -0.694221  -0.836517  369.509  263.692
61  -0.688176  -0.832957  363.029  261.308
62  -0.682171  -0.829403  356.664  258.952
63  -0.676209  -0.825855  350.414  256.623
64  -0.670288  -0.822315  344.276  254.32
65  -0.664409  -0.818782  338.25  252.044
66  -0.658574  -0.815256  332.335  249.795
67  -0.652782  -0.811739  326.528  247.573
68  -0.647033  -0.808229  320.828  245.376
69  -0.641329  -0.804728  315.233  243.206
70  -0.635668  -0.801236  309.742  241.062
71  -0.630052  -0.797752  304.354  238.943
72  -0.62448  -0.794277  299.066  236.85
73  -0.618952  -0.790811  293.877  234.783
74  -0.613469  -0.787354  288.784  232.74
75  -0.60803  -0.783906  283.787  230.721
76  -0.602636  -0.780467  278.884  228.727
77  -0.597286  -0.777037  274.073  226.758
78  -0.59198  -0.773617  269.352  224.812
79  -0.586718  -0.770206  264.72  222.889
80  -0.581501  -0.766805  260.174  220.99
81  -0.576327  -0.763413  255.714  219.113
82  -0.571196  -0.76003  251.338  217.259
83  -0.566109  -0.756657  247.043  215.427
84  -0.561065  -0.753293  242.829  213.617
85  -0.556064  -0.749939  238.693  211.829
86  -0.551105  -0.746594  234.635  210.062
87  -0.546189  -0.743258  230.653  208.316
88  -0.541316  -0.739931  226.744  206.591
89  -0.536484  -0.736614  222.909  204.886
90  -0.531693  -0.733306  219.144  203.201
91  -0.526944  -0.730007  215.45  201.535
92  -0.522236  -0.726717  211.824  199.889
93  -0.517568  -0.723436  208.264  198.263
94  -0.512941  -0.720165  204.77  196.655
95  -0.508354  -0.716902  201.341  195.065
96  -0.503806  -0.713648  197.974  193.494
97  -0.499298  -0.710403  194.67  191.94
98  -0.494829  -0.707167  191.425  190.405
99  -0.490398  -0.70394  188.24  188.886
100  -0.486006  -0.700721  185.112  187.385
101  -0.481652  -0.697511  182.042  185.9
102  -0.477336  -0.694309  179.027  184.432
103  -0.473057  -0.691116  176.066  182.98
104  -0.468815  -0.687931  173.159  181.544
105  -0.46461  -0.684755  170.304  180.124
106  -0.460441  -0.681587  167.5  178.719
107  -0.456309  -0.678427  164.746  177.329
108  -0.452212  -0.675276  162.042  175.954
109  -0.44815  -0.672132  159.385  174.594
110  -0.444124  -0.668997  156.776  173.249
111  -0.440132  -0.66587  154.213  171.917
112  -0.436175  -0.66275  151.695  170.6
113  -0.432251  -0.659639  149.222  169.296
114  -0.428362  -0.656535  146.792  168.006
115  -0.424506  -0.653439  144.404  166.729
116  -0.420684  -0.650351  142.058  165.465
117  -0.416894  -0.64727  139.754  164.214
118  -0.413136  -0.644197  137.489  162.976
119  -0.409411  -0.641132  135.263  161.75
120  -0.405718  -0.638074  133.077  160.536
121  -0.402057  -0.635024  130.927  159.335
122  -0.398427  -0.631981  128.815  158.145
123  -0.394828  -0.628945  126.74  156.967
124  -0.39126  -0.625917  124.699  155.8
125  -0.387722  -0.622896  122.694  154.645
126  -0.384215  -0.619882  120.723  153.501
127  -0.380737  -0.616875  118.785  152.367
128  -0.377289  -0.613876  116.881  151.245
129  -0.373871  -0.610883  115.008  150.133
130  -0.370482  -0.607898  113.168  149.031
131  -0.367121  -0.60492  111.358  147.94
132  -0.363789  -0.601949  109.579  146.858
133  -0.360486  -0.598984  107.829  145.787
134  -0.357211  -0.596027  106.109  144.725
135  -0.353963  -0.593077  104.418  143.673
136  -0.350743  -0.590133  102.755  142.631
137  -0.347551  -0.587197  101.12  141.598
138  -0.344385  -0.584267  99.5118  140.574
139  -0.341247  -0.581344  97.9304  139.559
140  -0.338135  -0.578428  96.3753  138.553
141  -0.335049  -0.575518  94.8458  137.555
142  -0.33199  -0.572616  93.3415  136.567
143  -0.328956  -0.56972  91.8621  135.586
144  -0.325949  -0.566831  90.407  134.615
145  -0.322967  -0.563948  88.9757  133.651
146  -0.32001  -0.561072  87.568  132.696
147  -0.317078  -0.558203  86.1832  131.748
148  -0.314171  -0.555341  84.8211  130.809
149  -0.311289  -0.552485  83.4813  129.877
150  -0.308431  -0.549636  82.1632  128.953
151  -0.305597  -0.546793  80.8666  128.037
152  -0.302788  -0.543957  79.591  127.128
153  -0.300002  -0.541128  78.3361  126.226
154  -0.29724  -0.538306  77.1016  125.331
155  -0.294501  -0.53549  75.887  124.444
156  -0.291786  -0.53268  74.6921  123.564
157  -0.289094  -0.529878  73.5164  122.691
158  -0.286424  -0.527082  72.3597  121.824
159  -0.283777  -0.524292  71.2216  120.964
160  -0.281153  -0.521509  70.1018  120.111
161  -0.278551  -0.518733  69  119.265
162  -0.275972  -0.515964  67.9159  118.425
163  -0.273414  -0.513201  66.8492  117.591
164  -0.270878  -0.510445  65.7995  116.764
165  -0.268364  -0.507695  64.7667  115.943
166  -0.265872  -0.504953  63.7504  115.128
167  -0.2634  -0.502216  62.7503  114.319
168  -0.26095  -0.499487  61.7662  113.516
169  -0.258521  -0.496764  60.7978  112.719
170  -0.256112  -0.494049  59.8448  111.928
171  -0.253725  -0.49134  58.9071  111.143
172  -0.251358  -0.488637  57.9842  110.364
173  -0.249011  -0.485942  57.0761  109.59
174  -0.246684  -0.483253  56.1824  108.821
175  -0.244378  -0.480571  55.3029  108.058
176  -0.242091  -0.477896  54.4374  107.301
177  -0.239824  -0.475228  53.5857  106.549
178  -0.237577  -0.472567  52.7475  105.802
179  -0.235349  -0.469912  51.9226  105.06
180  -0.233141  -0.467265  51.1108  104.324
181  -0.230952  -0.464625  50.3119  103.593
182  -0.228782  -0.461991  49.5256  102.867
183  -0.226631  -0.459365  48.7519  102.145
184  -0.224498  -0.456746  47.9904  101.429
185  -0.222385  -0.454134  47.241  100.718
186  -0.220289  -0.451529  46.5035  100.011
187  -0.218213  -0.448931  45.7777  99.3095
188  -0.216154  -0.44634  45.0634  98.6125
189  -0.214114  -0.443757  44.3605  97.9203
190  -0.212091  -0.44118  43.6687  97.2326
191  -0.210087  -0.438611  42.9878  96.5496
192  -0.2081  -0.43605  42.3178  95.8711
193  -0.206131  -0.433495  41.6584  95.1971
194  -0.204179  -0.430948  41.0095  94.5275
195  -0.202245  -0.428409  40.3709  93.8624
196  -0.200328  -0.425877  39.7425  93.2016
197  -0.198428  -0.423352  39.124  92.5451
198  -0.196545  -0.420835  38.5154  91.893
199  -0.194679  -0.418325  37.9164  91.245
200  -0.19283  -0.415823  37.327  90.6013
201  -0.190997  -0.413329  36.747  89.9617
202  -0.189181  -0.410842  36.1762  89.3263
203  -0.187382  -0.408363  35.6145  88.695
204  -0.185599  -0.405891  35.0618  88.0677
205  -0.183832  -0.403428  34.5178  87.4444
206  -0.182081  -0.400972  33.9826  86.8251
207  -0.180346  -0.398524  33.4559  86.2097
208  -0.178627  -0.396084  32.9376  85.5983
209  -0.176924  -0.393652  32.4276  84.9907
210  -0.175236  -0.391227  31.9258  84.387
211  -0.173564  -0.388811  31.432  83.7871
212  -0.171907  -0.386403  30.9461  83.191
213  -0.170266  -0.384003  30.4681  82.5986
214  -0.16864  -0.38161  29.9976  82.01
215  -0.167029  -0.379226  29.5348  81.425
216  -0.165433  -0.376851  29.0794  80.8437
217  -0.163852  -0.374483  28.6313  80.2661
218  -0.162286  -0.372124  28.1904  79.6921
219  -0.160734  -0.369773  27.7566  79.1216
220  -0.159197  -0.36743  27.3298  78.5547
221  -0.157675  -0.365095  26.9099  77.9914
222  -0.156167  -0.362769  26.4968  77.4315
223  -0.154673  -0.360452  26.0904  76.8751
224  -0.153193  -0.358143  25.6906  76.3222
225  -0.151728  -0.355842  25.2972  75.7727
226  -0.150277  -0.35355  24.9102  75.2266
227  -0.148839  -0.351266  24.5295  74.6839
228  -0.147415  -0.348992  24.155  74.1446
229  -0.146005  -0.346725  23.7865  73.6086
230  -0.144609  -0.344468  23.4241  73.0759
231  -0.143226  -0.342219  23.0676  72.5465
232  -0.141856  -0.339979  22.7168  72.0204
233  -0.1405  -0.337747  22.3718  71.4975
234  -0.139157  -0.335525  22.0325  70.9779
235  -0.137827  -0.333311  21.6987  70.4615
236  -0.13651  -0.331106  21.3704  69.9483
237  -0.135206  -0.32891  21.0474  69.4382
238  -0.133915  -0.326723  20.7297  68.9313
239  -0.132636  -0.324545  20.4173  68.4276
240  -0.131371  -0.322376  20.11  67.9269
241  -0.130117  -0.320216  19.8078  67.4294
242  -0.128877  -0.318065  19.5105  66.9349
243  -0.127648  -0.315924  19.2182  66.4435
244  -0.126432  -0.313791  18.9306  65.9552
245  -0.125228  -0.311667  18.6478  65.4699
246  -0.124036  -0.309553  18.3697  64.9876
247  -0.122856  -0.307448  18.0963  64.5083
248  -0.121688  -0.305352  17.8273  64.032
249  -0.120532  -0.303265  17.5628  63.5586
250  -0.119387  -0.301188  17.3027  63.0882
251  -0.118255  -0.299119  17.0469  62.6207
252  -0.117133  -0.297061  16.7954  62.1561
253  -0.116023  -0.295011  16.5481  61.6945
254  -0.114925  -0.292971  16.3049  61.2357
255  -0.113837  -0.29094  16.0658  60.7798
256  -0.112761  -0.288919  15.8306  60.3268
257  -0.111696  -0.286907  15.5994  59.8766
258  -0.110642  -0.284904  15.3721  59.4292
259  -0.109599  -0.282911  15.1486  58.9846
260  -0.108567  -0.280928  14.9288  58.5429
261  -0.107545  -0.278954  14.7127  58.1039
262  -0.106534  -0.276989  14.5003  57.6677
263  -0.105534  -0.275034  14.2914  57.2343
264  -0.104544  -0.273089  14.0861  56.8036
265  -0.103564  -0.271153  13.8842  56.3756
266  -0.102595  -0.269226  13.6857  55.9504
267  -0.101636  -0.267309  13.4906  55.5279
268  -0.100687  -0.265402  13.2988  55.108
269  -0.0997483  -0.263505  13.1102  54.6909
270  -0.0988194  -0.261617  12.9248  54.2764
271  -0.0979003  -0.259738  12.7426  53.8646
272  -0.096991  -0.25787  12.5634  53.4554
273  -0.0960915  -0.25601  12.3873  53.0488
274  -0.0952015  -0.254161  12.2142  52.6449
275  -0.0943211  -0.252321  12.044  52.2435
276  -0.0934501  -0.250491  11.8767  51.8448
277  -0.0925884  -0.248671  11.7123  51.4486
278  -0.0917361  -0.24686  11.5507  51.0551
279  -0.090893  -0.245059  11.3918  50.664
280  -0.0900589  -0.243267  11.2357  50.2755
281  -0.0892339  -0.241485  11.0822  49.8896
282  -0.0884179  -0.239713  10.9313  49.5062
283  -0.0876107  -0.237951  10.7831  49.1253
284  -0.0868124  -0.236198  10.6373  48.7469
285  -0.0860227  -0.234455  10.4941  48.3709
286  -0.0852417  -0.232721  10.3533  47.9975
287  -0.0844692  -0.230997  10.2149  47.6265
288  -0.0837052  -0.229283  10.0789  47.258
289  -0.0829496  -0.227579  9.94526  46.8919
290  -0.0822023  -0.225884  9.81389  46.5282
291  -0.0814632  -0.224199  9.68478  46.167
292  -0.0807323  -0.222523  9.5579  45.8082
293  -0.0800095  -0.220857  9.43319  45.4517
294  -0.0792947  -0.219201  9.31064  45.0977
295  -0.0785878  -0.217554  9.19019  44.746
296  -0.0778888  -0.215917  9.07182  44.3967
297  -0.0771975  -0.214289  8.95549  44.0498
298  -0.076514  -0.212671  8.84117  43.7051
299  -0.0758381  -0.211063  8.72882  43.3629
300  -0.0751697  -0.209464  8.61841  43.0229
301  -0.0745088  -0.207875  8.5099  42.6853
302  -0.0738553  -0.206295  8.40327  42.3499
303  -0.0732091  -0.204725  8.29848  42.0168
304  -0.0725702  -0.203164  8.1955  41.686
305  -0.0719385  -0.201612  8.0943  41.3575
306  -0.0713138  -0.200071  7.99485  41.0313
307  -0.0706962  -0.198538  7.89712  40.7072
308  -0.0700856  -0.197015  7.80108  40.3854
309  -0.0694819  -0.195502  7.7067  40.0659
310  -0.068885  -0.193997  7.61395  39.7485
311  -0.0682949  -0.192503  7.52281  39.4333
312  -0.0677114  -0.191017  7.43324  39.1204
313  -0.0671346  -0.189541  7.34522  38.8096
314  -0.0665643  -0.188074  7.25873  38.5009
315  -0.0660005  -0.186616  7.17373  38.1945
316  -0.0654431  -0.185168  7.09021  37.8902
317  -0.064892  -0.183729  7.00813  37.588
318  -0.0643472  -0.182299  6.92747  37.2879
319  -0.0638087  -0.180878  6.8482  36.99
320  -0.0632763  -0.179467  6.77031  36.6941
321  -0.0627499  -0.178064  6.69376  36.4004
322  -0.0622296  -0.176671  6.61854  36.1087
323  -0.0617152  -0.175287  6.54462  35.8191
324  -0.0612067  -0.173911  6.47197  35.5315
325  -0.060704  -0.172545  6.40059  35.2461
326  -0.0602071  -0.171188  6.33043  34.9626
327  -0.0597159  -0.16984  6.26149  34.6812
328  -0.0592303  -0.168501  6.19374  34.4018
329  -0.0587502  -0.16717  6.12715  34.1244
330  -0.0582757  -0.165849  6.06172  33.849
331  -0.0578066  -0.164536  5.99742  33.5756
332  -0.057343  -0.163232  5.93422  33.3041
333  -0.0568846  -0.161937  5.87212  33.0346
334  -0.0564315  -0.160651  5.81108  32.7671
335  -0.0559836  -0.159373  5.7511  32.5015
336  -0.0555409  -0.158105  5.69214  32.2379
337  -0.0551032  -0.156844  5.63421  31.9761
338  -0.0546706  -0.155593  5.57727  31.7163
339  -0.054243  -0.15435  5.5213  31.4584
340  -0.0538203  -0.153115  5.4663  31.2024
341  -0.0534024  -0.151889  5.41225  30.9482
342  -0.0529893  -0.150672  5.35912  30.696
343  -0.052581  -0.149463  5.3069  30.4455
344  -0.0521774  -0.148262  5.25558  30.197
345  -0.0517785  -0.14707  5.20513  29.9502
346  -0.0513841  -0.145886  5.15555  29.7053
347  -0.0509942  -0.144711  5.10682  29.4622
348  -0.0506089  -0.143544  5.05892  29.221
349  -0.0502279  -0.142385  5.01184  28.9815
350  -0.0498514  -0.141234  4.96556  28.7438
351  -0.0494791  -0.140091  4.92007  28.5078
352  -0.0491112  -0.138956  4.87535  28.2737
353  -0.0487474  -0.13783  4.83139  28.0413
354  -0.0483879  -0.136712  4.78819  27.8106
355  -0.0480324  -0.135601  4.74571  27.5817
356  -0.047681  -0.134499  4.70396  27.3544
357  -0.0473337  -0.133404  4.66291  27.1289
358  -0.0469903  -0.132318  4.62256  26.9052
359  -0.0466509  -0.131239  4.5829  26.683
360  -0.0463153  -0.130168  4.5439  26.4626
361  -0.0459836  -0.129105  4.50556  26.2439
362  -0.0456556  -0.128049  4.46787  26.0268
363  -0.0453314  -0.127002  4.43081  25.8113
364  -0.0450109  -0.125962  4.39438  25.5975
365  -0.0446941  -0.124929  4.35855  25.3854
366  -0.0443808  -0.123904  4.32333  25.1748
367  -0.0440711  -0.122887  4.28871  24.9659
368  -0.0437649  -0.121877  4.25466  24.7585
369  -0.0434622  -0.120875  4.22118  24.5528
370  -0.0431629  -0.11988  4.18826  24.3486
371  -0.0428671  -0.118892  4.15589  24.146
372  -0.0425745  -0.117912  4.12405  23.9449
373  -0.0422853  -0.116939  4.09275  23.7454
374  -0.0419993  -0.115974  4.06197  23.5475
375  -0.0417165  -0.115015  4.0317  23.3511
376  -0.041437  -0.114064  4.00193  23.1562
377  -0.0411605  -0.11312  3.97266  22.9628
378  -0.0408872  -0.112183  3.94387  22.7709
379  -0.0406169  -0.111253  3.91555  22.5805
380  -0.0403497  -0.11033  3.8877  22.3915
381  -0.0400854  -0.109414  3.86031  22.2041
382  -0.0398241  -0.108505  3.83337  22.0181
383  -0.0395657  -0.107602  3.80687  21.8336
384  -0.0393102  -0.106707  3.7808  21.6505
385  -0.0390575  -0.105818  3.75517  21.4688
386  -0.0388076  -0.104937  3.72995  21.2885
387  -0.0385605  -0.104062  3.70514  21.1097
388  -0.0383161  -0.103193  3.68073  20.9323
389  -0.0380744  -0.102332  3.65673  20.7562
390  -0.0378353  -0.101476  3.63311  20.5816
391  -0.0375989  -0.100628  3.60987  20.4083
392  -0.0373651  -0.0997859  3.58702  20.2364
393  -0.0371338  -0.0989504  3.56453  20.0659
394  -0.0369051  -0.0981213  3.5424  19.8966
395  -0.0366788  -0.0972985  3.52063  19.7288
396  -0.036455  -0.0964822  3.49921  19.5622
397  -0.0362336  -0.0956722  3.47813  19.397
398  -0.0360147  -0.0948684  3.45739  19.2331
399  -0.035798  -0.0940709  3.43698  19.0705
400  -0.0355838  -0.0932796  3.4169  18.9092
401  -0.0353718  -0.0924945  3.39714  18.7491
402  -0.0351621  -0.0917154  3.37769  18.5904
403  -0.0349546  -0.0909425  3.35855  18.4329
404  -0.0347493  -0.0901756  3.33971  18.2766
405  -0.0345463  -0.0894146  3.32117  18.1216
406  -0.0343454  -0.0886597  3.30293  17.9679
407  -0.0341466  -0.0879106  3.28497  17.8153
408  -0.0339499  -0.0871674  3.2673  17.664
409  -0.0337553  -0.0864301  3.2499  17.5139
410  -0.0335627  -0.0856986  3.23277  17.365
411  -0.0333721  -0.0849728  3.21591  17.2173
412  -0.0331835  -0.0842528  3.19932  17.0708
413  -0.0329969  -0.0835384  3.18298  16.9254
414  -0.0328122  -0.0828297  3.1669  16.7813
415  -0.0326295  -0.0821266  3.15107  16.6382
416  -0.0324486  -0.081429  3.13548  16.4964
417  -0.0322695  -0.080737  3.12013  16.3557
418  -0.0320924  -0.0800505  3.10502  16.2161
419  -0.031917  -0.0793694  3.09014  16.0776
420  -0.0317434  -0.0786937  3.0755  15.9403
421  -0.0315715  -0.0780234  3.06107  15.804
422  -0.0314014  -0.0773584  3.04687  15.6689
423  -0.031233  -0.0766988  3.03288  15.5349
424  -0.0310663  -0.0760444  3.01911  15.4019
425  -0.0309013  -0.0753952  3.00554  15.27
426  -0.0307379  -0.0747512  2.99218  15.1392
427  -0.0305762  -0.0741124  2.97903  15.0095
428  -0.030416  -0.0734786  2.96607  14.8808
429  -0.0302574  -0.07285  2.95331  14.7531
430  -0.0301004  -0.0722264  2.94074  14.6265
431  -0.0299449  -0.0716078  2.92836  14.5009
432  -0.0297909  -0.0709941  2.91616  14.3763
433  -0.0296385  -0.0703854  2.90415  14.2528
434  -0.0294875  -0.0697816  2.89232  14.1302
435  -0.0293379  -0.0691827  2.88066  14.0087
436  -0.0291898  -0.0685885  2.86917  13.8881
437  -0.0290431  -0.0679992  2.85786  13.7685
438  -0.0288978  -0.0674146  2.84671  13.6499
439  -0.0287539  -0.0668347  2.83573  13.5323
440  -0.0286113  -0.0662595  2.82491  13.4156
441  -0.02847  -0.0656889  2.81425  13.2999
442  -0.0283301  -0.065123  2.80374  13.1851
443  -0.0281915  -0.0645617  2.79339  13.0713
444  -0.0280542  -0.0640048  2.78319  12.9584
445  -0.0279181  -0.0634525  2.77314  12.8464
446  -0.0277833  -0.0629047  2.76324  12.7353
447  -0.0276497  -0.0623613  2.75348  12.6252
448  -0.0275174  -0.0618223  2.74385  12.5159
449  -0.0273862  -0.0612877  2.73437  12.4075
450  -0.0272562  -0.0607575  2.72503  12.3001
451  -0.0271274  -0.0602315  2.71582  12.1935
452  -0.0269997  -0.0597098  2.70674  12.0878
453  -0.0268731  -0.0591924  2.69779  11.9829
454  -0.0267477  -0.0586792  2.68897  11.8789
455  -0.0266234  -0.0581701  2.68028  11.7758
456  -0.0265001  -0.0576652  2.67171  11.6735
457  -0.0263779  -0.0571644  2.66326  11.572
458  -0.0262568  -0.0566677  2.65493  11.4714
459  -0.0261367  -0.056175  2.64672  11.3716
460  -0.0260177  -0.0556864  2.63862  11.2727
461  -0.0258997  -0.0552017  2.63064  11.1745
462  -0.0257826  -0.054721  2.62277  11.0772
463  -0.0256665  -0.0542443  2.61501  10.9806
464  -0.0255515  -0.0537714  2.60736  10.8849
465  -0.0254373  -0.0533024  2.59982  10.7899
466  -0.0253241  -0.0528372  2.59238  10.6957
467  -0.0252119  -0.0523758  2.58504  10.6023
468  -0.0251005  -0.0519182  2.57781  10.5097
469  -0.0249901  -0.0514644  2.57067  10.4178
470  -0.0248805  -0.0510142  2.56364  10.3266
471  -0.0247719  -0.0505677  2.5567  10.2363
472  -0.024664  -0.0501249  2.54985  10.1467
473  -0.0245571  -0.0496858  2.5431  10.0578
474  -0.024451  -0.0492502  2.53644  9.96961
475  -0.0243457  -0.0488182  2.52988  9.88218
476  -0.0242412  -0.0483897  2.5234  9.79546
477  -0.0241376  -0.0479647  2.51701  9.70947
478  -0.0240347  -0.0475432  2.51071  9.62418
479  -0.0239326  -0.0471252  2.50449  9.5396
480  -0.0238313  -0.0467106  2.49836  9.45571
481  -0.0237307  -0.0462994  2.4923  9.37251
482  -0.0236309  -0.0458916  2.48633  9.29
483  -0.0235319  -0.0454871  2.48044  9.20817
484  -0.0234335  -0.045086  2.47463  9.12702
485  -0.0233359  -0.0446881  2.4689  9.04653
486  -0.023239  -0.0442935  2.46324  8.96671
487  -0.0231428  -0.0439021  2.45766  8.88754
488  -0.0230473  -0.0435139  2.45215  8.80902
489  -0.0229524  -0.043129  2.44672  8.73116
490  -0.0228582  -0.0427472  2.44135  8.65393
491  -0.0227647  -0.0423685  2.43606  8.57734
492  -0.0226719  -0.0419929  2.43084  8.50138
493  -0.0225796  -0.0416204  2.42568  8.42605
494  -0.022488  -0.041251  2.4206  8.35133
495  -0.0223971  -0.0408845  2.41557  8.27724
496  -0.0223067  -0.0405211  2.41062  8.20375
497  -0.0222169  -0.0401607  2.40573  8.13086
498  -0.0221278  -0.0398033  2.4009  8.05858
499  -0.0220392  -0.0394487  2.39614  7.98689
500  -0.0219512  -0.0390971  2.39143  7.91579
501  -0.0218637  -0.0387484  2.38679  7.84527
502  -0.0217768  -0.0384025  2.38221  7.77534
503  -0.0216905  -0.0380594  2.37768  7.70598
504  -0.0216047  -0.0377192  2.37322  7.63719
505  -0.0215195  -0.0373817  2.36881  7.56896
506  -0.0214348  -0.037047  2.36446  7.5013
507  -0.0213506  -0.0367151  2.36016  7.43419
508  -0.0212669  -0.0363859  2.35592  7.36763
509  -0.0211837  -0.0360593  2.35173  7.30162
510  -0.021101  -0.0357355  2.34759  7.23614
511  -0.0210188  -0.0354143  2.34351  7.17121
512  -0.0209371  -0.0350957  2.33947  7.10681
513  -0.0208559  -0.0347797  2.33549  7.04293
514  -0.0207751  -0.0344663  2.33156  6.97958
515  -0.0206948  -0.0341555  2.32768  6.91675
516  -0.020615  -0.0338472  2.32385  6.85443
517  -0.0205356  -0.0335414  2.32006  6.79262
518  -0.0204566  -0.0332381  2.31632  6.73132
519  -0.0203781  -0.0329373  2.31263  6.67051
520  -0.0203  -0.0326389  2.30898  6.61021
521  -0.0202223  -0.032343  2.30538  6.55039
522  -0.0201451  -0.0320495  2.30182  6.49107
523  -0.0200682  -0.0317584  2.29831  6.43223
524  -0.0199918  -0.0314696  2.29484  6.37386
525  -0.0199157  -0.0311832  2.29141  6.31598
526  -0.01984  -0.0308992  2.28803  6.25856
527  -0.0197648  -0.0306174  2.28468  6.20161
528  -0.0196898  -0.0303379  2.28138  6.14513
529  -0.0196153  -0.0300607  2.27812  6.0891
530  -0.0195412  -0.0297858  2.27489  6.03353
531  -0.0194673  -0.0295131  2.27171  5.97841
532  -0.0193939  -0.0292426  2.26856  5.92374
533  -0.0193208  -0.0289742  2.26546  5.86951
534  -0.019248  -0.0287081  2.26239  5.81572
535  -0.0191756  -0.0284441  2.25935  5.76236
536  -0.0191035  -0.0281822  2.25636  5.70944
537  -0.0190318  -0.0279225  2.25339  5.65694
538  -0.0189603  -0.0276648  2.25047  5.60487
539  -0.0188892  -0.0274093  2.24758  5.55321
540  -0.0188184  -0.0271558  2.24472  5.50198
541  -0.0187479  -0.0269043  2.2419  5.45116
542  -0.0186777  -0.0266549  2.23911  5.40074
543  -0.0186078  -0.0264074  2.23635  5.35073
544  -0.0185382  -0.026162  2.23363  5.30113
545  -0.0184688  -0.0259185  2.23094  5.25192
546  -0.0183998  -0.025677  2.22828  5.2031
547  -0.018331  -0.0254374  2.22565  5.15468
548  -0.0182625  -0.0251997  2.22305  5.10664
549  -0.0181943  -0.0249639  2.22049  5.05899
550  -0.0181264  -0.02473  2.21795  5.01172
551  -0.0180586  -0.024498  2.21544  4.96483
552  -0.0179912  -0.0242678  2.21296  4.91831
553  -0.017924  -0.0240395  2.21051  4.87216
554  -0.017857  -0.023813  2.20809  4.82637
555  -0.0177903  -0.0235883  2.2057  4.78095
556  -0.0177239  -0.0233653  2.20333  4.73589
557  -0.0176576  -0.0231442  2.20099  4.69119
558  -0.0175916  -0.0229248  2.19868  4.64684
559  -0.0175258  -0.0227071  2.1964  4.60285
560  -0.0174602  -0.0224911  2.19414  4.5592
561  -0.0173949  -0.0222769  2.1919  4.51589
562  -0.0173297  -0.0220643  2.1897  4.47292
563  -0.0172648  -0.0218534  2.18751  4.4303
564  -0.0172001  -0.0216442  2.18535  4.388
565  -0.0171355  -0.0214366  2.18322  4.34604
566  -0.0170712  -0.0212306  2.18111  4.30441
567  -0.017007  -0.0210263  2.17903  4.2631
568  -0.0169431  -0.0208235  2.17696  4.22212
569  -0.0168793  -0.0206223  2.17493  4.18145
570  -0.0168157  -0.0204227  2.17291  4.1411
571  -0.0167523  -0.0202247  2.17092  4.10107
572  -0.0166891  -0.0200282  2.16894  4.06134
573  -0.016626  -0.0198332  2.167  4.02192
574  -0.0165631  -0.0196397  2.16507  3.98281
575  -0.0165003  -0.0194477  2.16316  3.944
576  -0.0164378  -0.0192572  2.16128  3.90549
577  -0.0163753  -0.0190682  2.15941  3.86727
578  -0.016313  -0.0188806  2.15757  3.82935
579  -0.0162509  -0.0186945  2.15575  3.79172
580  -0.0161889  -0.0185098  2.15394  3.75437
581  -0.0161271  -0.0183265  2.15216  3.71731
582  -0.0160654  -0.0181446  2.1504  3.68054
583  -0.0160038  -0.0179641  2.14865  3.64404
584  -0.0159424  -0.0177849  2.14693  3.60782
585  -0.015881  -0.0176072  2.14522  3.57187
586  -0.0158199  -0.0174307  2.14353  3.5362
587  -0.0157588  -0.0172556  2.14186  3.50079
588  -0.0156978  -0.0170818  2.14021  3.46565
589  -0.015637  -0.0169094  2.13857  3.43078
590  -0.0155763  -0.0167382  2.13696  3.39616
591  -0.0155156  -0.0165683  2.13536  3.36181
592  -0.0154551  -0.0163997  2.13378  3.32771
593  -0.0153947  -0.0162323  2.13221  3.29386
594  -0.0153344  -0.0160662  2.13066  3.26027
595  -0.0152742  -0.0159013  2.12913  3.22692
596  -0.0152141  -0.0157376  2.12762  3.19382
597  -0.015154  -0.0155752  2.12612  3.16096
598  -0.0150941  -0.0154139  2.12463  3.12835
599  -0.0150342  -0.0152538  2.12317  3.09597
600  -0.0149744  -0.0150949  2.12171  3.06383
601  -0.0149147  -0.0149372  2.12028  3.03192
602  -0.014855  -0.0147806  2.11885  3.00025
603  -0.0147954  -0.0146251  2.11745  2.9688
604  -0.0147359  -0.0144708  2.11605  2.93758
605  -0.0146765  -0.0143175  2.11468  2.90659
606  -0.0146171  -0.0141654  2.11331  2.87581
607  -0.0145578  -0.0140144  2.11196  2.84526
608  -0.0144985  -0.0138644  2.11063  2.81493
609  -0.0144393  -0.0137156  2.10931  2.78481
610  -0.0143801  -0.0135677  2.108  2.75491
611  -0.014321  -0.013421  2.1067  2.72521
612  -0.0142619  -0.0132752  2.10542  2.69573
613  -0.0142028  -0.0131305  2.10415  2.66645
614  -0.0141438  -0.0129868  2.1029  2.63737
615  -0.0140848  -0.0128441  2.10166  2.6085
616  -0.0140259  -0.0127024  2.10043  2.57983
617  -0.0139669  -0.0125617  2.09921  2.55136
618  -0.013908  -0.012422  2.098  2.52308
619  -0.0138491  -0.0122832  2.09681  2.495
620  -0.0137903  -0.0121453  2.09563  2.4671
621  -0.0137314  -0.0120085  2.09446  2.4394
622  -0.0136726  -0.0118725  2.0933  2.41189
623  -0.0136137  -0.0117375  2.09216  2.38456
624  -0.0135549  -0.0116033  2.09102  2.35741
625  -0.0134961  -0.0114701  2.0899  2.33045
626  -0.0134372  -0.0113378  2.08879  2.30366
627  -0.0133784  -0.0112063  2.08769  2.27706
628  -0.0133195  -0.0110757  2.0866  2.25063
629  -0.0132607  -0.010946  2.08552  2.22437
630  -0.0132018  -0.0108171  2.08445  2.19828
631  -0.0131429  -0.0106891  2.08339  2.17237
632  -0.013084  -0.0105619  2.08235  2.14662
633  -0.0130251  -0.0104355  2.08131  2.12103
634  -0.0129661  -0.01031  2.08028  2.09562
635  -0.0129071  -0.0101852  2.07926  2.07036
636  -0.0128481  -0.0100612  2.07826  2.04526
637  -0.012789  -0.00993806  2.07726  2.02032
638  -0.0127299  -0.00981566  2.07627  1.99554
639  -0.0126708  -0.00969403  2.07529  1.97092
640  -0.0126116  -0.00957315  2.07432  1.94644
641  -0.0125523  -0.00945303  2.07336  1.92212
642  -0.012493  -0.00933364  2.07241  1.89794
643  -0.0124337  -0.00921499  2.07147  1.87392
644  -0.0123743  -0.00909705  2.07054  1.85004
645  -0.0123148  -0.00897983  2.06962  1.8263
646  -0.0122552  -0.00886332  2.0687  1.8027
647  -0.0121956  -0.0087475  2.06779  1.77925
648  -0.0121359  -0.00863237  2.0669  1.75593
649  -0.0120761  -0.00851791  2.06601  1.73275
650  -0.0120163  -0.00840413  2.06513  1.7097
651  -0.0119563  -0.00829101  2.06425  1.68679
652  -0.0118963  -0.00817854  2.06339  1.66401
653  -0.0118361  -0.00806672  2.06253  1.64136
654  -0.0117759  -0.00795553  2.06168  1.61884
655  -0.0117156  -0.00784497  2.06084  1.59644
656  -0.0116551  -0.00773503  2.06001  1.57417
657  -0.0115946  -0.0076257  2.05918  1.55203
658  -0.0115339  -0.00751698  2.05837  1.53
659  -0.0114732  -0.00740885  2.05756  1.5081
660  -0.0114123  -0.0073013  2.05675  1.48631
661  -0.0113512  -0.00719434  2.05596  1.46464
662  -0.0112901  -0.00708794  2.05517  1.44308
663  -0.0112288  -0.00698211  2.05439  1.42164
664  -0.0111674  -0.00687684  2.05361  1.40031
665  -0.0111058  -0.00677211  2.05285  1.37909
666  -0.0110441  -0.00666792  2.05209  1.35798
667  -0.0109823  -0.00656427  2.05134  1.33698
668  -0.0109203  -0.00646113  2.05059  1.31608
669  -0.0108581  -0.00635852  2.04985  1.29528
670  -0.0107958  -0.00625641  2.04912  1.27459
671  -0.0107333  -0.0061548  2.04839  1.254
672  -0.0106706  -0.00605369  2.04767  1.23351
673  -0.0106077  -0.00595306  2.04696  1.21312
674  -0.0105447  -0.00585291  2.04625  1.19282
675  -0.0104815  -0.00575323  2.04555  1.17262
676  -0.0104181  -0.00565401  2.04485  1.15251
677  -0.0103545  -0.00555525  2.04417  1.13249
678  -0.0102907  -0.00545693  2.04348  1.11257
679  -0.0102267  -0.00535906  2.04281  1.09273
680  -0.0101624  -0.00526163  2.04214  1.07298
681  -0.010098  -0.00516461  2.04147  1.05332
682  -0.0100333  -0.00506802  2.04081  1.03374
683  -0.00996846  -0.00497184  2.04016  1.01424
684  -0.00990334  -0.00487607  2.03951  0.994829
685  -0.00983798  -0.00478069  2.03887  0.975495
686  -0.00977238  -0.0046857  2.03824  0.95624
687  -0.00970653  -0.0045911  2.03761  0.937063
688  -0.00964043  -0.00449687  2.03698  0.917962
689  -0.00957407  -0.00440301  2.03636  0.898936
690  -0.00950744  -0.00430952  2.03575  0.879982
691  -0.00944055  -0.00421638  2.03514  0.861101
692  -0.00937337  -0.00412359  2.03454  0.84229
693  -0.00930591  -0.00403114  2.03394  0.823548
694  -0.00923816  -0.00393903  2.03335  0.804874
695  -0.00917012  -0.00384724  2.03276  0.786266
696  -0.00910177  -0.00375578  2.03218  0.767723
697  -0.00903312  -0.00366462  2.03161  0.749244
698  -0.00896415  -0.00357378  2.03103  0.730827
699  -0.00889485  -0.00348324  2.03047  0.712471
700  -0.00882523  -0.00339299  2.02991  0.694175
701  -0.00875528  -0.00330303  2.02935  0.675937
702  -0.00868498  -0.00321335  2.0288  0.657756
703  -0.00861434  -0.00312394  2.02825  0.63963
704  -0.00854334  -0.00303481  2.02771  0.621559
705  -0.00847197  -0.00294593  2.02717  0.603541
706  -0.00840024  -0.00285731  2.02664  0.585574
707  -0.00832813  -0.00276893  2.02611  0.567657
708  -0.00825563  -0.0026808  2.02559  0.54979
709  -0.00818274  -0.0025929  2.02507  0.531971
710  -0.00810945  -0.00250523  2.02456  0.514198
711  -0.00803575  -0.00241778  2.02405  0.49647
712  -0.00796163  -0.00233054  2.02355  0.478786
713  -0.00788709  -0.00224352  2.02305  0.461145
714  -0.00781211  -0.0021567  2.02256  0.443545
715  -0.0077367  -0.00207007  2.02207  0.425985
716  -0.00766083  -0.00198363  2.02158  0.408464
717  -0.00758451  -0.00189738  2.0211  0.390981
718  -0.00750771  -0.0018113  2.02063  0.373534
719  -0.00743045  -0.0017254  2.02016  0.356122
720  -0.00735269  -0.00163966  2.01969  0.338744
721  -0.00727445  -0.00155408  2.01923  0.321399
722  -0.00719569  -0.00146865  2.01877  0.304085
723  -0.00711643  -0.00138336  2.01832  0.286801
724  -0.00703664  -0.00129822  2.01787  0.269547
725  -0.00695632  -0.00121321  2.01743  0.252319
726  -0.00687546  -0.00112832  2.01699  0.235119
727  -0.00679404  -0.00104356  2.01655  0.217944
728  -0.00671206  -0.00095891  2.01612  0.200792
729  -0.00662951  -0.00087437  2.0157  0.183664
730  -0.00654638  -0.000789933  2.01528  0.166558
731  -0.00646265  -0.000705592  2.01486  0.149472
732  -0.00637831  -0.000621341  2.01445  0.132405
733  -0.00629336  -0.000537175  2.01404  0.115356
734  -0.00620778  -0.000453086  2.01364  0.0983246
735  -0.00612155  -0.00036907  2.01324  0.0813087
736  -0.00603468  -0.00028512  2.01285  0.0643074
737  -0.00594715  -0.000201229  2.01246  0.0473196
738  -0.00585894  -0.000117393  2.01208  0.030344
739  -0.00577004  -3.36042e-05  2.0117  0.0133795
740  -0.00568044  5.01424e-05  2.01132  -0.00357499
741  -0.00559013  0.000133853  2.01095  -0.0205207
742  -0.0054991  0.000217534  2.01059  -0.0374587
743  -0.00540733  0.000301191  2.01023  -0.0543903
744  -0.0053148  0.000384829  2.00987  -0.0713164
745  -0.00522152  0.000468456  2.00952  -0.0882384
746  -0.00512745  0.000552077  2.00918  -0.105157
747  -0.00503259  0.000635697  2.00884  -0.122074
748  -0.00493692  0.000719323  2.0085  -0.13899
749  -0.00484044  0.000802961  2.00817  -0.155906
750  -0.00474312  0.000886616  2.00785  -0.172824
751  -0.00464495  0.000970294  2.00753  -0.189744
752  -0.00454591  0.001054  2.00721  -0.206667
753  -0.00444599  0.00113774  2.00691  -0.223596
754  -0.00434518  0.00122153  2.0066  -0.24053
755  -0.00424345  0.00130536  2.0063  -0.257471
756  -0.0041408  0.00138924  2.00601  -0.274419
757  -0.0040372  0.00147319  2.00572  -0.291377
758  -0.00393265  0.00155719  2.00544  -0.308345
759  -0.00382711  0.00164127  2.00517  -0.325324
760  -0.00372058  0.00172542  2.0049  -0.342315
761  -0.00361304  0.00180965  2.00463  -0.35932
762  -0.00350447  0.00189398  2.00437  -0.376339
763  -0.00339486  0.00197839  2.00412  -0.393373
764  -0.00328417  0.0020629  2.00387  -0.410424
765  -0.00317241  0.00214752  2.00363  -0.427492
766  -0.00305954  0.00223225  2.0034  -0.444578
767  -0.00294555  0.0023171  2.00317  -0.461684
768  -0.00283041  0.00240206  2.00295  -0.478811
769  -0.00271412  0.00248716  2.00274  -0.495959
770  -0.00259665  0.00257239  2.00253  -0.513129
771  -0.00247797  0.00265776  2.00233  -0.530323
772  -0.00235807  0.00274327  2.00213  -0.547542
773  -0.00223693  0.00282893  2.00195  -0.564785
774  -0.00211453  0.00291475  2.00177  -0.582056
775  -0.00199084  0.00300073  2.0016  -0.599353
776  -0.00186584  0.00308688  2.00143  -0.616679
777  -0.00173951  0.0031732  2.00127  -0.634035
778  -0.00161183  0.0032597  2.00112  -0.65142
779  -0.00148278  0.00334638  2.00098  -0.668837
780  -0.00135232  0.00343326  2.00085  -0.686286
781  -0.00122045  0.00352033  2.00072  -0.703767
782  -0.00108712  0.0036076  2.00061  -0.721283
783  -0.000952328  0.00369507  2.0005  -0.738833
784  -0.000816037  0.00378276  2.0004  -0.756419
785  -0.000678225  0.00387067  2.00031  -0.774041
786  -0.000538865  0.0039588  2.00022  -0.791701
787  -0.000397933  0.00404715  2.00015  -0.809399
788  -0.000255402  0.00413574  2.00009  -0.827136
789  -0.000111245  0.00422458  2.00003  -0.844913
790  3.45657e-05  0.00431365  1.99999  -0.86273
791  0.000182057  0.00440298  1.99996  -0.880589
792  0.000331257  0.00449256  1.99993  -0.89849
793  0.000482193  0.0045824  1.99992  -0.916434
794  0.000634896  0.00467251  1.99992  -0.934421
795  0.000789394  0.00476289  1.99992  -0.952453
796  0.000945717  0.00485355  1.99994  -0.97053
797  0.00110389  0.00494449  1.99997  -0.988653
798  0.00126396  0.00503571  2.00002  -1.00682
799  0.00142594  0.00512723  2.00007  -1.02504
800  0.00158987  0.00521905  2.00014  -1.0433
801  0.00175577  0.00531117  2.00022  -1.06162
802  0.00192369  0.00540359  2.00031  -1.07998
803  0.00209366  0.00549634  2.00041  -1.09839
804  0.0022657  0.00558939  2.00053  -1.11685
805  0.00243985  0.00568278  2.00066  -1.13536
806  0.00261615  0.00577649  2.0008  -1.15393
807  0.00279463  0.00587053  2.00096  -1.17254
808  0.00297533  0.00596491  2.00114  -1.19121
809  0.00315828  0.00605963  2.00132  -1.20993
810  0.00334351  0.0061547  2.00153  -1.2287
811  0.00353107  0.00625013  2.00175  -1.24753
812  0.00372099  0.00634591  2.00198  -1.26641
813  0.00391331  0.00644205  2.00223  -1.28535
814  0.00410806  0.00653856  2.0025  -1.30434
815  0.00430529  0.00663543  2.00278  -1.32338
816  0.00450503  0.00673269  2.00308  -1.34248
817  0.00470732  0.00683032  2.0034  -1.36163
818  0.00491221  0.00692834  2.00374  -1.38084
819  0.00511973  0.00702674  2.00409  -1.40011
820  0.00532992  0.00712554  2.00447  -1.41943
821  0.00554283  0.00722473  2.00486  -1.4388
822  0.0057585  0.00732433  2.00528  -1.45823
823  0.00597696  0.00742433  2.00571  -1.47772
824  0.00619827  0.00752473  2.00616  -1.49726
825  0.00642246  0.00762555  2.00664  -1.51686
826  0.00664958  0.00772679  2.00713  -1.53651
827  0.00687968  0.00782844  2.00765  -1.55622
828  0.00711279  0.00793052  2.00819  -1.57599
829  0.00734897  0.00803303  2.00875  -1.5958
830  0.00758825  0.00813596  2.00934  -1.61568
831  0.00783069  0.00823933  2.00995  -1.6356
832  0.00807633  0.00834313  2.01059  -1.65558
833  0.00832522  0.00844738  2.01125  -1.67561
834  0.0085774  0.00855206  2.01193  -1.6957
835  0.00883292  0.00865719  2.01264  -1.71583
836  0.00909184  0.00876277  2.01338  -1.73602
837  0.0093542  0.00886879  2.01414  -1.75626
838  0.00962004  0.00897527  2.01494  -1.77655
839  0.00988942  0.00908221  2.01576  -1.79688
840  0.0101624  0.0091896  2.01661  -1.81726
841  0.010439  0.00929745  2.01749  -1.83769
842  0.0107193  0.00940576  2.01839  -1.85817
843  0.0110033  0.00951453  2.01933  -1.87869
844  0.0112911  0.00962376  2.0203  -1.89925
845  0.0115828  0.00973346  2.0213  -1.91986
846  0.0118783  0.00984362  2.02234  -1.9405
847  0.0121778  0.00995425  2.02341  -1.96119
848  0.0124813  0.0100653  2.02451  -1.98191
849  0.0127889  0.0101769  2.02564  -2.00267
850  0.0131005  0.0102889  2.02681  -2.02346
851  0.0134163  0.0104014  2.02802  -2.04429
852  0.0137363  0.0105144  2.02926  -2.06514
853  0.0140605  0.0106278  2.03053  -2.08603
854  0.0143891  0.0107417  2.03185  -2.10694
855  0.014722  0.0108561  2.0332  -2.12787
856  0.0150594  0.0109709  2.0346  -2.14883
857  0.0154012  0.0110862  2.03603  -2.1698
858  0.0157475  0.011202  2.0375  -2.1908
859  0.0160984  0.0113182  2.03901  -2.2118
860  0.016454  0.0114348  2.04056  -2.23282
861  0.0168142  0.011552  2.04216  -2.25385
862  0.0171791  0.0116695  2.0438  -2.27488
863  0.0175488  0.0117876  2.04548  -2.29592
864  0.0179234  0.011906  2.0472  -2.31696
865  0.0183029  0.0120249  2.04897  -2.33799
866  0.0186872  0.0121443  2.05078  -2.35901
867  0.0190766  0.0122641  2.05264  -2.38003
868  0.019471  0.0123843  2.05455  -2.40103
869  0.0198705  0.0125049  2.0565  -2.42201
870  0.0202752  0.0126259  2.0585  -2.44297
871  0.020685  0.0127474  2.06055  -2.4639
872  0.0211  0.0128692  2.06265  -2.48481
873  0.0215204  0.0129915  2.0648  -2.50568
874  0.021946  0.0131142  2.06699  -2.52651
875  0.022377  0.0132372  2.06924  -2.54729
876  0.0228135  0.0133606  2.07154  -2.56803
877  0.0232554  0.0134844  2.07388  -2.58871
878  0.0237027  0.0136085  2.07628  -2.60934
879  0.0241557  0.013733  2.07873  -2.6299
880  0.0246142  0.0138578  2.08124  -2.65039
881  0.0250783  0.013983  2.08379  -2.67081
882  0.0255481  0.0141085  2.0864  -2.69115
883  0.0260235  0.0142343  2.08906  -2.71141
884  0.0265047  0.0143603  2.09178  -2.73157
885  0.0269916  0.0144867  2.09455  -2.75163
886  0.0274843  0.0146134  2.09737  -2.77159
887  0.0279829  0.0147403  2.10025  -2.79144
888  0.0284872  0.0148674  2.10318  -2.81118
889  0.0289974  0.0149948  2.10616  -2.83079
890  0.0295135  0.0151224  2.1092  -2.85027
891  0.0300356  0.0152502  2.1123  -2.86961
892  0.0305635  0.0153782  2.11545  -2.88881
893  0.0310974  0.0155064  2.11865  -2.90786
894  0.0316372  0.0156347  2.1219  -2.92675
895  0.032183  0.0157631  2.12521  -2.94548
896  0.0327347  0.0158917  2.12857  -2.96403
897  0.0332925  0.0160204  2.13199  -2.98241
898  0.0338562  0.0161492  2.13545  -3.00059
899  0.0344259  0.016278  2.13897  -3.01858
900  0.0350016  0.0164069  2.14254  -3.03636
901  0.0355832  0.0165358  2.14616  -3.05393
902  0.0361708  0.0166647  2.14983  -3.07128
903  0.0367644  0.0167937  2.15354  -3.08841
904  0.0373638  0.0169225  2.15731  -3.10529
905  0.0379692  0.0170513  2.16112  -3.12193
906  0.0385805  0.0171801  2.16498  -3.13832
907  0.0391977  0.0173087  2.16888  -3.15445
908  0.0398207  0.0174372  2.17283  -3.1703
909  0.0404494  0.0175655  2.17682  -3.18587
910  0.041084  0.0176937  2.18085  -3.20116
911  0.0417243  0.0178217  2.18492  -3.21615
912  0.0423702  0.0179494  2.18902  -3.23083
913  0.0430218  0.0180769  2.19317  -3.2452
914  0.0436789  0.0182041  2.19735  -3.25925
915  0.0443416  0.018331  2.20156  -3.27297
916  0.0450097  0.0184576  2.2058  -3.28634
917  0.0456832  0.0185838  2.21007  -3.29937
918  0.0463621  0.0187096  2.21436  -3.31204
919  0.0470462  0.0188351  2.21868  -3.32434
920  0.0477354  0.01896  2.22303  -3.33627
921  0.0484298  0.0190845  2.22739  -3.34782
922  0.0491291  0.0192086  2.23177  -3.35898
923  0.0498334  0.019332  2.23616  -3.36973
924  0.0505425  0.019455  2.24057  -3.38008
925  0.0512563  0.0195773  2.24499  -3.39002
926  0.0519747  0.019699  2.24941  -3.39953
927  0.0526976  0.0198201  2.25384  -3.40861
928  0.0534249  0.0199405  2.25826  -3.41726
929  0.0541565  0.0200602  2.26269  -3.42545
930  0.0548923  0.0201792  2.26711  -3.4332
931  0.0556321  0.0202974  2.27152  -3.44049
932  0.0563758  0.0204148  2.27592  -3.44731
933  0.0571233  0.0205314  2.2803  -3.45366
934  0.0578744  0.0206471  2.28467  -3.45953
935  0.0586291  0.020762  2.28901  -3.46492
936  0.0593871  0.0208759  2.29333  -3.46982
937  0.0601483  0.0209889  2.29762  -3.47423
938  0.0609126  0.021101  2.30187  -3.47813
939  0.0616798  0.021212  2.3061  -3.48153
940  0.0624497  0.0213221  2.31028  -3.48442
941  0.0632223  0.0214311  2.31442  -3.4868
942  0.0639973  0.021539  2.31851  -3.48866
943  0.0647746  0.0216458  2.32255  -3.49001
944  0.065554  0.0217515  2.32654  -3.49083
945  0.0663354  0.021856  2.33047  -3.49112
946  0.0671185  0.0219593  2.33434  -3.49089
947  0.0679032  0.0220615  2.33815  -3.49012
948  0.0686893  0.0221624  2.34188  -3.48883
949  0.0694767  0.022262  2.34555  -3.487
950  0.0702652  0.0223604  2.34914  -3.48464
951  0.0710545  0.0224575  2.35265  -3.48175
952  0.0718446  0.0225533  2.35608  -3.47833
953  0.0726352  0.0226477  2.35942  -3.47437
954  0.0734261  0.0227408  2.36268  -3.46988
955  0.0742173  0.0228325  2.36584  -3.46486
956  0.0750084  0.0229228  2.36891  -3.45931
957  0.0757993  0.0230117  2.37188  -3.45323
958  0.0765898  0.0230991  2.37474  -3.44663
959  0.0773798  0.0231852  2.37751  -3.43951
960  0.0781691  0.0232697  2.38016  -3.43187
961  0.0789574  0.0233528  2.38271  -3.42371
962  0.0797447  0.0234344  2.38514  -3.41505
963  0.0805307  0.0235146  2.38746  -3.40587
964  0.0813152  0.0235932  2.38966  -3.3962
965  0.0820981  0.0236703  2.39174  -3.38603
966  0.0828793  0.0237458  2.39371  -3.37537
967  0.0836585  0.0238199  2.39554  -3.36423
968  0.0844355  0.0238924  2.39725  -3.3526
969  0.0852103  0.0239633  2.39884  -3.3405
970  0.0859826  0.0240327  2.40029  -3.32794
971  0.0867523  0.0241006  2.40161  -3.31492
972  0.0875192  0.0241668  2.40281  -3.30144
973  0.0882832  0.0242316  2.40387  -3.28753
974  0.0890442  0.0242947  2.40479  -3.27317
975  0.0898019  0.0243563  2.40558  -3.25839
976  0.0905562  0.0244164  2.40623  -3.24319
977  0.0913071  0.0244749  2.40675  -3.22757
978  0.0920543  0.0245318  2.40713  -3.21156
979  0.0927977  0.0245872  2.40737  -3.19515
980  0.0935372  0.024641  2.40748  -3.17835
981  0.0942728  0.0246933  2.40744  -3.16118
982  0.0950041  0.024744  2.40727  -3.14365
983  0.0957312  0.0247932  2.40696  -3.12576
984  0.0964539  0.0248409  2.40652  -3.10752
985  0.0971722  0.0248871  2.40593  -3.08894
986  0.0978858  0.0249318  2.40522  -3.07004
987  0.0985948  0.024975  2.40436  -3.05082
988  0.099299  0.0250167  2.40337  -3.03129
989  0.0999983  0.025057  2.40225  -3.01146
990  0.100693  0.0250957  2.40099  -2.99135
991  0.101382  0.0251331  2.3996  -2.97095
992  0.102066  0.025169  2.39808  -2.95029
993  0.102745  0.0252035  2.39643  -2.92938
994  0.103419  0.0252365  2.39465  -2.90821
995  0.104087  0.0252682  2.39274  -2.88681
996  0.10475  0.0252985  2.39071  -2.86518
997  0.105408  0.0253275  2.38856  -2.84333
998  0.10606  0.0253551  2.38629  -2.82127
999  0.106707  0.0253814  2.38389  -2.79901
1000  0.107348  0.0254064  2.38138  -2.77657
1001  0.107983  0.0254301  2.37875  -2.75395
1002  0.108613  0.0254526  2.37601  -2.73115
1003  0.109237  0.0254737  2.37315  -2.7082
1004  0.109856  0.0254937  2.37019  -2.68509
1005  0.110468  0.0255124  2.36712  -2.66184
1006  0.111075  0.02553  2.36394  -2.63846
1007  0.111676  0.0255463  2.36066  -2.61495
1008  0.112272  0.0255616  2.35728  -2.59133
1009  0.112861  0.0255756  2.3538  -2.5676
1010  0.113445  0.0255886  2.35022  -2.54377
1011  0.114023  0.0256005  2.34655  -2.51985
1012  0.114595  0.0256113  2.34279  -2.49585
1013  0.115161  0.025621  2.33894  -2.47177
1014  0.115722  0.0256297  2.335  -2.44762
1015  0.116277  0.0256374  2.33097  -2.42341
1016  0.116826  0.0256441  2.32687  -2.39915
1017  0.117369  0.0256498  2.32268  -2.37484
1018  0.117907  0.0256545  2.31842  -2.3505
1019  0.118439  0.0256584  2.31408  -2.32612
1020  0.118965  0.0256613  2.30967  -2.30172
1021  0.119486  0.0256633  2.30519  -2.2773
1022  0.120001  0.0256645  2.30064  -2.25286
1023  0.12051  0.0256647  2.29603  -2.22842
1024  0.121014  0.0256642  2.29135  -2.20398
1025  0.121512  0.0256629  2.28661  -2.17954
1026  0.122005  0.0256607  2.28181  -2.15511
1027  0.122492  0.0256578  2.27695  -2.1307
1028  0.122974  0.0256541  2.27204  -2.10631
1029  0.12345  0.0256497  2.26708  -2.08194
1030  0.123921  0.0256445  2.26207  -2.0576
1031  0.124387  0.0256387  2.25701  -2.0333
1032  0.124848  0.0256322  2.2519  -2.00904
1033  0.125303  0.025625  2.24675  -1.98482
1034  0.125753  0.0256172  2.24156  -1.96065
1035  0.126199  0.0256087  2.23633  -1.93653
1036  0.126639  0.0255997  2.23106  -1.91247
1037  0.127074  0.02559  2.22575  -1.88846
1038  0.127504  0.0255798  2.22041  -1.86452
1039  0.127929  0.025569  2.21503  -1.84064
1040  0.128349  0.0255577  2.20963  -1.81683
1041  0.128765  0.0255458  2.20419  -1.79309
1042  0.129176  0.0255335  2.19873  -1.76943
1043  0.129582  0.0255206  2.19324  -1.74584
1044  0.129983  0.0255073  2.18773  -1.72233
1045  0.13038  0.0254935  2.1822  -1.69891
1046  0.130772  0.0254792  2.17664  -1.67557
1047  0.13116  0.0254646  2.17106  -1.65231
1048  0.131544  0.0254495  2.16547  -1.62915
1049  0.131923  0.025434  2.15986  -1.60608
1050  0.132297  0.0254181  2.15423  -1.58309
1051  0.132668  0.0254018  2.14859  -1.5602
1052  0.133034  0.0253852  2.14294  -1.53741
1053  0.133397  0.0253682  2.13727  -1.51472
1054  0.133755  0.0253509  2.13159  -1.49212
1055  0.134109  0.0253333  2.12591  -1.46962
1056  0.134459  0.0253153  2.12021  -1.44722
1057  0.134805  0.0252971  2.11451  -1.42493
1058  0.135148  0.0252786  2.1088  -1.40273
1059  0.135486  0.0252598  2.10309  -1.38064
1060  0.135821  0.0252407  2.09737  -1.35866
1061  0.136152  0.0252214  2.09165  -1.33678
1062  0.13648  0.0252018  2.08593  -1.315
1063  0.136804  0.025182  2.0802  -1.29333
1064  0.137125  0.025162  2.07448  -1.27177
1065  0.137442  0.0251418  2.06875  -1.25031
1066  0.137755  0.0251214  2.06303  -1.22896
1067  0.138066  0.0251008  2.0573  -1.20772
1068  0.138373  0.02508  2.05158  -1.18659
1069  0.138677  0.025059  2.04586  -1.16556
1070  0.138977  0.0250379  2.04015  -1.14464
1071  0.139275  0.0250166  2.03444  -1.12383
1072  0.139569  0.0249952  2.02873  -1.10312
1073  0.139861  0.0249736  2.02303  -1.08253
1074  0.140149  0.0249519  2.01733  -1.06204
1075  0.140435  0.0249301  2.01164  -1.04165
1076  0.140717  0.0249082  2.00596  -1.02137
1077  0.140997  0.0248862  2.00028  -1.0012
1078  0.141274  0.024864  1.99461  -0.981135
1079  0.141548  0.0248418  1.98895  -0.961173
1080  0.14182  0.0248195  1.9833  -0.941316
1081  0.142089  0.0247972  1.97765  -0.921563
1082  0.142356  0.0247747  1.97202  -0.901914
1083  0.14262  0.0247522  1.96639  -0.882367
1084  0.142881  0.0247297  1.96077  -0.862923
1085  0.14314  0.0247071  1.95516  -0.843579
1086  0.143397  0.0246844  1.94956  -0.824337
1087  0.143652  0.0246617  1.94397  -0.805194
1088  0.143904  0.024639  1.9384  -0.786151
1089  0.144154  0.0246163  1.93283  -0.767206
1090  0.144401  0.0245935  1.92727  -0.748358
1091  0.144647  0.0245707  1.92172  -0.729607
1092  0.14489  0.024548  1.91618  -0.710952
1093  0.145132  0.0245252  1.91065  -0.692391
1094  0.145371  0.0245024  1.90514  -0.673925
1095  0.145608  0.0244796  1.89963  -0.655551
1096  0.145844  0.0244568  1.89414  -0.637269
1097  0.146077  0.024434  1.88865  -0.619078
1098  0.146309  0.0244113  1.88318  -0.600976
1099  0.146539  0.0243885  1.87772  -0.582964
1100  0.146767  0.0243658  1.87227  -0.565039
1101  0.146994  0.0243432  1.86682  -0.547201
1102  0.147219  0.0243205  1.86139  -0.529448
1103  0.147442  0.0242979  1.85597  -0.51178
1104  0.147663  0.0242754  1.85056  -0.494195
1105  0.147883  0.0242529  1.84516  -0.476692
1106  0.148101  0.0242304  1.83977  -0.45927
1107  0.148318  0.024208  1.8344  -0.441928
1108  0.148534  0.0241856  1.82903  -0.424664
1109  0.148748  0.0241633  1.82367  -0.407478
1110  0.148961  0.0241411  1.81832  -0.390368
1111  0.149172  0.0241189  1.81298  -0.373333
1112  0.149382  0.0240968  1.80765  -0.356372
1113  0.149591  0.0240748  1.80233  -0.339484
1114  0.149798  0.0240529  1.79701  -0.322667
1115  0.150005  0.024031  1.79171  -0.30592
1116  0.15021  0.0240092  1.78641  -0.289241
1117  0.150414  0.0239875  1.78113  -0.272631
1118  0.150617  0.0239659  1.77585  -0.256086
1119  0.150819  0.0239443  1.77058  -0.239607
1120  0.15102  0.0239229  1.76531  -0.223191
1121  0.151219  0.0239015  1.76006  -0.206838
1122  0.151418  0.0238802  1.75481  -0.190546
1123  0.151616  0.0238591  1.74956  -0.174313
1124  0.151813  0.023838  1.74433  -0.15814
1125  0.15201  0.0238171  1.7391  -0.142023
1126  0.152205  0.0237962  1.73387  -0.125962
1127  0.1524  0.0237755  1.72865  -0.109956
1128  0.152594  0.0237548  1.72344  -0.094003
1129  0.152787  0.0237343  1.71823  -0.0781019
1130  0.152979  0.0237139  1.71303  -0.0622514
1131  0.153171  0.0236936  1.70783  -0.04645
1132  0.153362  0.0236734  1.70263  -0.0306965
1133  0.153553  0.0236533  1.69744  -0.0149895
1134  0.153742  0.0236334  1.69225  0.000672339
1135  0.153932  0.0236136  1.68706  0.0162904
1136  0.154121  0.0235939  1.68187  0.0318661
1137  0.154309  0.0235743  1.67669  0.0474007
1138  0.154497  0.0235549  1.67151  0.0628957
1139  0.154685  0.0235356  1.66633  0.0783524
1140  0.154872  0.0235164  1.66115  0.0937722
1141  0.155059  0.0234974  1.65597  0.109156
1142  0.155245  0.0234785  1.65079  0.124507
1143  0.155431  0.0234597  1.64561  0.139824
1144  0.155617  0.0234411  1.64043  0.15511
1145  0.155803  0.0234226  1.63525  0.170367
1146  0.155988  0.0234043  1.63006  0.185594
1147  0.156173  0.0233861  1.62487  0.200795
1148  0.156358  0.0233681  1.61968  0.21597
1149  0.156543  0.0233502  1.61449  0.231121
1150  0.156728  0.0233325  1.60929  0.246249
1151  0.156913  0.0233149  1.60409  0.261356
1152  0.157098  0.0232975  1.59888  0.276443
1153  0.157283  0.0232802  1.59367  0.291511
1154  0.157467  0.0232631  1.58846  0.306562
1155  0.157652  0.0232462  1.58323  0.321598
1156  0.157837  0.0232294  1.578  0.33662
1157  0.158022  0.0232128  1.57276  0.351629
1158  0.158207  0.0231964  1.56752  0.366628
1159  0.158393  0.0231802  1.56226  0.381616
1160  0.158578  0.0231641  1.557  0.396597
1161  0.158764  0.0231482  1.55172  0.411571
1162  0.15895  0.0231325  1.54644  0.42654
1163  0.159137  0.0231169  1.54114  0.441505
1164  0.159323  0.0231016  1.53584  0.456469
1165  0.15951  0.0230864  1.53052  0.471432
1166  0.159698  0.0230714  1.52519  0.486396
1167  0.159886  0.0230566  1.51984  0.501363
1168  0.160074  0.0230421  1.51448  0.516334
1169  0.160263  0.0230277  1.50911  0.531312
1170  0.160452  0.0230135  1.50372  0.546296
1171  0.160642  0.0229995  1.49832  0.56129
1172  0.160833  0.0229857  1.4929  0.576295
1173  0.161024  0.0229721  1.48746  0.591312
1174  0.161216  0.0229588  1.482  0.606343
1175  0.161408  0.0229456  1.47652  0.621389
1176  0.161601  0.0229327  1.47103  0.636454
1177  0.161795  0.02292  1.46551  0.651537
1178  0.16199  0.0229076  1.45998  0.666641
1179  0.162186  0.0228953  1.45442  0.681768
1180  0.162382  0.0228833  1.44884  0.696919
1181  0.162579  0.0228716  1.44323  0.712097
1182  0.162778  0.02286  1.4376  0.727302
1183  0.162977  0.0228487  1.43195  0.742537
1184  0.163177  0.0228377  1.42627  0.757804
1185  0.163378  0.0228269  1.42056  0.773104
1186  0.163581  0.0228164  1.41483  0.78844
1187  0.163784  0.0228062  1.40906  0.803813
1188  0.163989  0.0227962  1.40327  0.819225
1189  0.164195  0.0227865  1.39745  0.834678
1190  0.164402  0.022777  1.39159  0.850175
1191  0.16461  0.0227679  1.3857  0.865717
1192  0.16482  0.022759  1.37978  0.881306
1193  0.165031  0.0227504  1.37383  0.896944
1194  0.165243  0.0227422  1.36783  0.912634
1195  0.165457  0.0227342  1.36181  0.928378
1196  0.165673  0.0227265  1.35574  0.944177
1197  0.16589  0.0227192  1.34964  0.960035
1198  0.166108  0.0227121  1.34349  0.975953
1199  0.166328  0.0227054  1.3373  0.991933
1200  0.16655  0.022699  1.33108  1.00798
1201  0.166774  0.022693  1.3248  1.02409
1202  0.166999  0.0226873  1.31849  1.04027
1203  0.167226  0.022682  1.31212  1.05653
1204  0.167455  0.022677  1.30571  1.07286
1205  0.167686  0.0226724  1.29925  1.08927
1206  0.16792  0.0226682  1.29274  1.10575
1207  0.168155  0.0226644  1.28618  1.12232
1208  0.168392  0.0226609  1.27956  1.13898
1209  0.168631  0.0226579  1.27289  1.15572
1210  0.168873  0.0226552  1.26616  1.17256
1211  0.169117  0.022653  1.25938  1.18949
1212  0.169363  0.0226512  1.25253  1.20651
1213  0.169611  0.0226498  1.24562  1.22364
1214  0.169862  0.0226489  1.23865  1.24087
1215  0.170116  0.0226484  1.23162  1.2582
1216  0.170372  0.0226484  1.22452  1.27565
1217  0.170631  0.0226489  1.21735  1.29321
1218  0.170893  0.0226499  1.21011  1.31088
1219  0.171157  0.0226513  1.20279  1.32868
1220  0.171424  0.0226533  1.1954  1.3466
1221  0.171695  0.0226558  1.18794  1.36465
1222  0.171968  0.0226588  1.18039  1.38283
1223  0.172244  0.0226624  1.17276  1.40115
1224  0.172524  0.0226665  1.16505  1.4196
1225  0.172807  0.0226712  1.15726  1.4382
1226  0.173093  0.0226765  1.14937  1.45695
1227  0.173383  0.0226823  1.14139  1.47585
1228  0.173676  0.0226888  1.13332  1.49491
1229  0.173973  0.0226959  1.12515  1.51413
1230  0.174274  0.0227037  1.11688  1.53352
1231  0.174578  0.0227121  1.10851  1.55308
1232  0.174887  0.0227212  1.10003  1.57282
1233  0.175199  0.022731  1.09144  1.59274
1234  0.175516  0.0227415  1.08274  1.61285
1235  0.175837  0.0227527  1.07392  1.63316
1236  0.176162  0.0227647  1.06498  1.65367
1237  0.176492  0.0227774  1.05592  1.67438
1238  0.176826  0.022791  1.04673  1.69531
1239  0.177165  0.0228053  1.0374  1.71646
1240  0.17751  0.0228205  1.02795  1.73783
1241  0.177859  0.0228365  1.01835  1.75944
1242  0.178213  0.0228534  1.0086  1.7813
1243  0.178573  0.0228712  0.998708  1.8034
1244  0.178938  0.0228899  0.988659  1.82576
1245  0.179308  0.0229096  0.978449  1.84839
1246  0.179685  0.0229302  0.968073  1.87129
1247  0.180067  0.0229519  0.957526  1.89448
1248  0.180456  0.0229746  0.946802  1.91796
1249  0.180851  0.0229983  0.935893  1.94175
1250  0.181252  0.0230232  0.924794  1.96585
1251  0.18166  0.0230491  0.913498  1.99028
1252  0.182075  0.0230763  0.901998  2.01504
1253  0.182498  0.0231046  0.890285  2.04016
1254  0.182927  0.0231341  0.878353  2.06563
1255  0.183364  0.0231649  0.866193  2.09148
1256  0.183809  0.0231971  0.853796  2.11772
1257  0.184262  0.0232305  0.841154  2.14437
1258  0.184723  0.0232654  0.828255  2.17143
1259  0.185193  0.0233017  0.815091  2.19893
1260  0.185671  0.0233394  0.80165  2.22687
1261  0.186159  0.0233788  0.787922  2.25529
1262  0.186656  0.0234196  0.773894  2.28419
1263  0.187163  0.0234622  0.759554  2.3136
1264  0.187681  0.0235064  0.744888  2.34354
1265  0.188209  0.0235523  0.729883  2.37403
1266  0.188747  0.0236001  0.714523  2.40509
1267  0.189297  0.0236497  0.698793  2.43674
1268  0.189859  0.0237013  0.682676  2.46902
1269  0.190433  0.0237549  0.666155  2.50194
1270  0.191019  0.0238106  0.649209  2.53555
1271  0.191619  0.0238684  0.63182  2.56986
1272  0.192232  0.0239285  0.613965  2.60491
1273  0.192859  0.0239909  0.595622  2.64074
1274  0.193501  0.0240558  0.576766  2.67738
1275  0.194159  0.0241232  0.557371  2.71488
1276  0.194832  0.0241932  0.53741  2.75326
1277  0.195522  0.024266  0.516851  2.79259
1278  0.19623  0.0243416  0.495664  2.8329
1279  0.196955  0.0244202  0.473812  2.87425
1280  0.1977  0.0245019  0.45126  2.91669
1281  0.198465  0.0245868  0.427966  2.96029
1282  0.19925  0.0246752  0.403888  3.0051
1283  0.200058  0.0247671  0.378978  3.05119
1284  0.200888  0.0248627  0.353186  3.09864
1285  0.201742  0.0249623  0.326456  3.14753
1286  0.202622  0.025066  0.298729  3.19794
1287  0.203528  0.025174  0.269939  3.24997
1288  0.204463  0.0252865  0.240016  3.30372
1289  0.205427  0.0254039  0.20888  3.3593
1290  0.206423  0.0255263  0.176447  3.41683
1291  0.207452  0.0256541  0.142623  3.47644
1292  0.208516  0.0257875  0.107305  3.53829
1293  0.209618  0.0259269  0.0703784  3.60252
1294  0.210759  0.0260727  0.0317171  3.66931
1295  0.211943  0.0262253  -0.00881893  3.73887
1296  0.213171  0.0263851  -0.0513856  3.81139
1297  0.214449  0.0265526  -0.0961571  3.88712
1298  0.215778  0.0267284  -0.143328  3.96632
1299  0.217162  0.026913  -0.193119  4.0493
1300  0.218607  0.0271071  -0.245777  4.13637
1301  0.220116  0.0273114  -0.301582  4.22792
1302  0.221695  0.0275268  -0.360854  4.32436
1303  0.223349  0.0277541  -0.423958  4.42618
1304  0.225087  0.0279944  -0.491313  4.53392
1305  0.226914  0.028249  -0.563404  4.6482
1306  0.22884  0.028519  -0.640791  4.76975
1307  0.230874  0.028806  -0.724133  4.8994
1308  0.233029  0.0291119  -0.814201  5.03811
1309  0.235316  0.0294385  -0.911911  5.18703
1310  0.237752  0.0297882  -1.01835  5.34751
1311  0.240353  0.0301639  -1.13485  5.52114
1312  0.243142  0.0305687  -1.26299  5.70985
1313  0.246143  0.0310066  -1.40474  5.91599
1314  0.249388  0.0314822  -1.56255  6.1424
1315  0.252912  0.0320012  -1.73949  6.39266
1316  0.256762  0.0325707  -1.93948  6.67125
1317  0.260996  0.0331994  -2.16762  6.98387
1318  0.265685  0.0338986  -2.43066  7.33798
1319  0.270924  0.0346826  -2.73772  7.74344
1320  0.276837  0.0355705  -3.10148  8.21367
1321  0.283593  0.0365883  -3.54005  8.76739
1322  0.291428  0.0377719  -4.08025  9.43163
1323  0.30068  0.0391736  -4.76364  10.247
1324  0.311867  0.0408722  -5.65816  11.2777
1325  0.325811  0.0429943  -6.8829  12.6318
1326  0.343935  0.0457573  -8.66674  14.5067
1327  0.36894  0.0495754  -11.5094  17.3082
1328  0.406768  0.0553587  -16.7281  22.0203
1329  0.473719  0.0656033  -29.0394  31.7612
1330  0.635854  0.0904263  -79.1057  62.7768
1331  1.52864  0.227141  -1290.99  421.922
1332  163.012  24.9557  -1.73106e+09  5.30959e+06
1333  2.6232e+14  4.017e+13  -0  -0
1333  2.6232e+14  4.017e+13  -0  -0
