# Direkt(Re,Im), FFT(Re,Im)
16.306 0 16.306 0
-1.38233 -2.23154 -0.0281474 0.324966
-1.14173 -0.964724 -1.14173 -0.964724
-1.0898 -0.404137 -3.58362 -5.86618
-1.07826 1.36888e-15 -1.07826 1.06448e-15
-1.0898 0.404137 -0.856575 0.254414
-1.14173 0.964724 -1.14173 0.964724
-1.38233 2.23154 2.14379 -1.03775

44.4692 0 44.4692 0
-2.85108 -7.02149 -0.0838186 -0.281925
-2.01863 -3.57652 -2.01863 -3.57652
-1.80909 -2.26138 0.0633333 3.54762
-1.72579 -1.52489 -1.72579 -1.52489
-1.68555 -1.02385 -2.11713 -2.51345
-1.66461 -0.636399 -1.66461 -0.636399
-1.65427 -0.306027 -10.0512 -7.59594
-1.65114 1.71106e-14 -1.65114 2.82406e-15
-1.65427 0.306027 0.755034 0.164425
-1.66461 0.636399 -1.66461 0.636399
-1.68555 1.02385 -5.15274 0.396657
-1.72579 1.52489 -1.72579 1.52489
-1.80909 2.26138 1.35919 -1.15583
-2.01863 3.57652 -2.01863 3.57652
-2.85108 7.02149 1.05421 -1.74595

