#  Partial_LU     Full_LU 

1  0    0
3  6.66134e-14    6.66134e-14
5  2.22045e-14    8.88178e-14
7  0    4.44089e-14
9  8.88178e-14    3.10862e-13
11  4.44089e-14    2.88658e-13
13  3.33067e-14    4.88498e-13
15  0    4.44089e-14
17  8.88178e-14    4.44089e-14
19  2.22045e-14    8.88178e-14
21  8.88178e-14    5.55112e-14
23  4.44089e-14    3.10862e-13
25  8.88178e-14    6.21725e-13
27  1.11022e-13    9.65894e-13
29  4.44089e-14    4.88498e-13
31  3.33067e-14    3.77476e-13
33  2.22045e-14    4.44089e-14
35  5.10703e-13    1.02141e-12
37  0    8.88178e-14
39  1.36557e-12    1.44329e-12
41  2.22045e-13    8.88178e-14
43  0    2.10942e-13
45  2.88658e-13    6.88338e-13
47  1.22125e-13    7.10543e-13
49  1.66533e-13    7.88258e-13
51  4.44089e-14    2.32037e-12
53  4.44089e-14    1.11022e-13
55  1.11022e-13    1.9873e-12
57  1.33227e-13    1.33227e-13
59  3.33067e-14    8.88178e-14
61  2.66454e-13    1.33227e-13
63  2.9976e-13    2.44249e-13
65  6.66134e-14    8.65974e-13
67  6.66134e-14    4.21885e-13
69  2.22045e-14    7.77156e-13
71  1.33227e-13    1.08802e-12
73  2.44249e-13    9.65894e-13
75  4.44089e-14    0
77  3.33067e-14    2.9976e-13
79  2.33147e-13    1.22125e-13
81  2.22045e-14    1.46549e-12
83  2.44249e-13    4.15001e-11
85  2.22045e-13    4.66294e-13
87  1.33227e-13    7.77156e-14
89  4.44089e-14    7.99361e-13
91  5.32907e-13    2.13163e-12
93  8.88178e-14    1.2601e-11
95  3.9968e-13    5.10703e-13
97  8.88178e-14    7.77156e-13
99  2.22045e-13    2.37588e-12
101  5.55112e-14    1.24345e-12
103  3.33067e-14    1.13243e-12
105  1.55431e-13    4.10783e-12
107  5.66214e-13    2.15383e-12
109  1.77636e-13    6.06182e-12
111  4.44089e-14    8.88178e-14
113  6.43929e-13    2.84217e-12
115  2.88658e-13    2.22045e-14
117  1.22125e-13    1.11022e-13
119  2.44249e-13    4.95159e-12
121  0    1.08802e-12
123  1.34337e-12    4.94049e-12
125  2.33147e-13    3.77476e-13
127  6.66134e-14    1.28786e-12
129  2.66454e-13    1.82521e-11
131  3.9968e-13    8.88178e-14
133  2.44249e-13    6.66134e-14
135  6.66134e-13    1.55431e-12
137  9.65894e-13    1.82077e-11
139  8.88178e-14    5.10703e-13
141  1.55431e-13    1.77636e-12
143  1.55431e-13    2.46247e-11
145  2.22045e-14    4.75175e-12
147  4.44089e-14    5.9952e-13
149  1.5099e-12    4.59854e-11
151  3.77476e-13    1.04361e-12
153  0    9.54792e-13
155  2.55351e-13    8.60423e-12
157  6.43929e-13    2.09832e-12
159  1.9984e-13    1.70974e-12
161  6.32827e-13    1.44329e-11
163  9.99201e-14    8.99281e-13
165  5.21805e-13    3.9968e-13
167  3.9968e-13    1.62093e-12
169  1.77636e-13    7.54952e-13
171  8.88178e-14    3.44169e-12
173  1.77636e-13    2.77556e-12
175  2.22045e-14    4.32987e-13
177  4.88498e-13    8.43769e-13
179  1.55431e-13    5.55112e-14
181  5.32907e-13    1.60982e-12
183  4.44089e-14    3.84137e-12
185  0    8.43769e-13
187  2.22045e-14    3.08642e-12
189  1.77636e-13    1.17684e-12
191  1.23235e-12    9.99201e-12
193  1.77636e-13    3.65707e-11
195  3.77476e-13    4.77396e-12
197  4.10783e-13    1.79412e-11
199  1.22125e-13    1.06359e-11
201  1.66533e-13    1.11022e-12
203  2.22045e-14    1.00253e-11
205  2.9976e-13    6.01741e-12
207  5.55112e-14    3.26406e-12
209  1.33227e-13    1.06581e-12
211  2.88658e-13    7.77156e-13
213  5.55112e-13    1.99285e-11
215  1.11022e-13    1.02585e-11
217  5.32907e-13    2.85327e-12
219  3.77476e-13    9.9587e-12
221  7.77156e-14    1.803e-11
223  2.66454e-13    1.01474e-11
225  3.44169e-13    1.98397e-11
227  0    5.21805e-13
229  1.04361e-12    4.52305e-11
231  3.21965e-13    1.15685e-11
233  9.54792e-13    2.11497e-11
235  3.88578e-13    1.29896e-12
237  2.22045e-14    5.36238e-12
239  2.9976e-13    1.90958e-12
241  6.10623e-13    8.43769e-13
243  6.88338e-13    1.72751e-11
245  8.88178e-13    2.35811e-11
247  8.21565e-13    3.08642e-12
249  1.77636e-13    2.77556e-12
251  4.44089e-13    8.43769e-13
253  3.9968e-13    1.11022e-13
255  1.11022e-13    1.88738e-13
257  1.44329e-13    2.39364e-11
259  3.21965e-13    9.10383e-13
261  9.99201e-14    1.8785e-10
263  1.42109e-12    4.13003e-12
265  9.32587e-13    3.0087e-12
267  2.22045e-14    7.99361e-13
269  1.77636e-13    5.9952e-13
271  1.11022e-13    2.1283e-11
273  1.11022e-13    1.5099e-12
275  2.88658e-13    1.42109e-11
277  2.44249e-13    2.14273e-11
279  3.66374e-13    1.77636e-12
281  3.55271e-13    5.87974e-11
283  4.44089e-13    7.79377e-12
285  0    1.7597e-10
287  1.5099e-12    6.09512e-12
289  5.55112e-13    6.19504e-12
291  1.68754e-12    8.13682e-11
293  5.55112e-14    4.64073e-12
295  5.32907e-13    4.44089e-14
297  1.11022e-13    4.16334e-12
299  9.65894e-13    2.05391e-12
301  1.33227e-13    2.24487e-11
303  2.17604e-12    2.09077e-10
305  5.77316e-13    1.38778e-11
307  1.11022e-13    1.14353e-12
309  3.9968e-13    9.83658e-12
311  3.88578e-13    1.55209e-11
313  1.55431e-13    9.4369e-12
315  5.55112e-13    3.89688e-12
317  4.44089e-14    8.21565e-13
319  4.21885e-13    2.28706e-12
321  3.9968e-13    1.72751e-11
323  4.10783e-13    2.50688e-11
325  4.44089e-14    3.15303e-12
327  3.66374e-13    3.93019e-12
329  1.02141e-12    8.10463e-13
331  5.21805e-13    1.38778e-11
333  6.66134e-14    1.37668e-12
335  0    7.30527e-12
337  1.05471e-12    1.0647e-11
339  3.33067e-14    5.92859e-12
341  1.77636e-13    5.24247e-11
343  2.66454e-13    9.54792e-12
345  1.64313e-12    1.95066e-11
347  8.21565e-13    2.18714e-12
349  3.44169e-13    1.52545e-11
351  6.66134e-14    4.44089e-11
353  6.66134e-14    3.31069e-11
355  7.99361e-13    3.74478e-11
357  5.55112e-14    3.21965e-13
359  6.88338e-13    7.53841e-12
361  5.55112e-14    1.67089e-11
363  5.77316e-13    6.12843e-12
365  7.99361e-13    3.48055e-11
367  1.33227e-13    9.76996e-12
369  2.10942e-13    4.41869e-12
371  1.22125e-13    9.68114e-12
373  5.9952e-13    1.33227e-12
375  1.26565e-12    4.84057e-12
377  9.99201e-14    9.22373e-11
379  1.33227e-13    1.9762e-12
381  1.44329e-13    4.28546e-12
383  7.32747e-13    3.74145e-12
385  5.88418e-13    9.23706e-12
387  6.21725e-13    9.54792e-13
389  8.88178e-13    2.02509e-09
391  6.43929e-13    7.37188e-12
393  2.77556e-13    1.09912e-12
395  6.88338e-13    5.52447e-11
397  2.88658e-13    1.44329e-13
399  4.66294e-13    1.51545e-11
401  1.26565e-12    1.01252e-11
403  0    5.41789e-12
405  3.10862e-13    9.99201e-12
407  2.22045e-14    4.00124e-11
409  7.10543e-13    2.69895e-11
411  4.21885e-13    1.23235e-12
413  1.28786e-12    1.00808e-11
415  1.22125e-13    7.91145e-11
417  1.93179e-12    4.21885e-13
419  7.77156e-14    4.39648e-12
421  6.66134e-14    3.26406e-12
423  4.66294e-13    9.88098e-13
425  2.60902e-12    3.27072e-11
427  5.66214e-13    9.54792e-12
429  7.77156e-14    1.28342e-11
431  1.08802e-12    4.08562e-12
433  4.44089e-14    2.36811e-11
435  3.55271e-13    9.76996e-13
437  1.9762e-12    2.19713e-11
439  7.43849e-13    1.69864e-11
441  1.11022e-14    1.40998e-12
443  6.66134e-14    5.17364e-12
445  1.75415e-12    6.99441e-12
447  8.88178e-13    6.28386e-12
449  7.43849e-13    9.4369e-12
451  5.44009e-13    2.17604e-12
453  2.88658e-13    4.04121e-12
455  1.96509e-12    4.83613e-11
457  1.66533e-13    1.07248e-11
459  3.44169e-13    2.66454e-12
461  1.33227e-13    1.33227e-13
463  3.44169e-12    1.08935e-10
465  1.24345e-12    5.38791e-11
467  5.9952e-13    1.51645e-10
469  7.77156e-13    7.99361e-13
471  1.11022e-13    2.28706e-11
473  5.55112e-13    3.60267e-11
475  1.11022e-13    2.66676e-11
477  5.9952e-13    8.81961e-11
479  2.06501e-12    1.7808e-11
481  1.55431e-12    5.82867e-12
483  7.77156e-13    1.54543e-11
485  1.22125e-13    1.15796e-11
487  6.20615e-12    2.56462e-11
489  4.21885e-13    2.11609e-11
491  8.43769e-13    1.74527e-11
493  1.9984e-13    8.88178e-12
495  1.14353e-12    6.1795e-11
497  8.88178e-14    1.29896e-12
499  5.77316e-13    4.996e-12
501  7.10543e-13    4.28546e-12
503  7.54952e-13    2.37144e-11
505  5.9952e-13    1.33227e-12
507  1.46549e-12    1.03473e-11
509  2.22045e-13    2.45581e-11
511  2.72005e-12    4.77174e-11
513  2.22045e-14    1.79856e-11
515  4.66294e-13    1.9984e-13
517  7.77156e-13    9.52904e-11
519  8.21565e-13    1.07359e-11
521  3.55271e-13    2.57572e-12
523  1.35447e-12    4.32432e-11
525  1.11022e-13    2.01839e-11
527  6.88338e-13    4.26992e-11
529  1.33227e-12    3.05445e-10
531  5.55112e-14    1.66533e-12
533  1.79856e-12    2.47247e-11
535  3.9968e-13    1.07692e-12
537  1.08802e-12    7.13873e-12
539  4.21885e-13    5.10703e-12
541  5.55112e-13    8.88178e-13
543  5.88418e-13    7.26086e-12
545  1.4877e-12    2.46247e-11
547  3.33067e-13    1.18816e-10
549  8.88178e-14    1.00142e-11
551  1.11022e-13    5.15143e-12
553  5.55112e-14    8.47877e-11
555  2.24265e-12    2.78222e-11
557  8.32667e-13    1.53522e-10
559  2.44249e-13    1.1402e-11
561  5.77316e-13    1.33982e-10
563  1.18794e-12    1.11022e-11
565  1.03251e-12    1.36069e-10
567  3.77476e-13    9.23706e-12
569  3.77476e-13    5.91749e-12
571  1.5099e-12    8.55982e-12
573  1.77636e-12    1.32783e-11
575  2.66454e-13    2.45937e-10
577  5.55112e-14    3.21854e-11
579  1.24345e-12    1.1835e-11
581  1.37668e-12    3.99458e-11
583  8.88178e-13    1.34781e-11
585  3.9968e-13    9.19043e-11
587  1.45439e-12    4.55191e-12
589  1.55431e-13    3.06866e-11
591  1.4877e-12    2.24265e-11
593  9.99201e-13    1.52101e-12
595  1.46549e-12    1.13909e-11
597  4.86278e-12    6.74349e-11
599  1.66533e-12    3.60045e-11
601  9.54792e-13    3.87468e-11
603  4.44089e-14    3.55271e-11
605  5.21805e-13    3.80584e-11
607  4.44089e-14    1.36779e-11
609  1.55431e-13    4.72955e-12
611  1.55431e-13    4.44089e-14
613  8.88178e-14    1.35336e-11
615  1.55431e-13    1.46616e-10
617  8.88178e-13    6.67244e-12
619  1.37668e-12    2.42917e-11
621  7.77156e-14    2.24265e-12
623  9.21485e-13    8.13904e-11
625  7.32747e-13    2.54174e-10
627  1.57652e-12    5.66214e-12
629  2.10942e-13    2.72449e-11
631  8.88178e-13    5.44009e-12
633  8.88178e-14    7.49401e-12
635  4.10783e-13    2.48468e-11
637  3.5083e-12    2.42473e-11
639  6.66134e-14    1.25011e-11
641  8.32667e-13    1.10578e-11
643  6.43929e-13    5.39568e-12
645  2.22045e-13    1.54321e-11
647  3.55271e-13    1.54099e-11
649  4.66294e-13    8.53762e-12
651  3.55271e-13    2.27596e-11
653  1.04361e-12    3.4639e-12
655  3.88578e-13    6.08735e-11
657  6.66134e-14    1.58762e-11
659  2.06501e-12    4.06342e-11
661  9.88098e-13    4.90274e-11
663  8.54872e-13    2.61791e-11
665  2.40918e-12    1.39777e-10
667  8.19345e-12    6.95e-12
669  5.9952e-13    4.32987e-12
671  1.55431e-13    1.55431e-13
673  1.31006e-12    1.42109e-12
675  1.66533e-12    2.05576e-09
677  1.42109e-12    1.52101e-11
679  3.55271e-13    1.85407e-12
681  4.44089e-13    5.32274e-10
683  1.19904e-12    1.08913e-11
685  2.08722e-12    7.23555e-10
687  4.996e-13    1.94289e-11
689  4.44089e-14    5.00711e-12
691  8.43769e-13    5.63749e-10
693  4.88498e-13    4.44089e-13
695  1.9762e-12    1.90958e-11
697  1.24345e-12    2.0095e-12
699  3.61933e-12    3.60822e-11
701  9.99201e-13    3.86358e-11
703  4.17444e-12    5.69322e-11
705  1.03251e-12    2.87548e-11
707  1.28786e-12    1.69775e-10
709  4.996e-13    7.41629e-12
711  1.40998e-12    2.4869e-12
713  1.88738e-12    2.40918e-12
715  4.44089e-14    7.06102e-12
717  3.4861e-12    1.67533e-11
719  2.77556e-13    3.80584e-11
721  1.42109e-12    3.69371e-11
723  5.55112e-13    2.93099e-12
725  4.88498e-13    4.98446e-10
727  1.08802e-12    2.66454e-13
729  1.24345e-12    1.6509e-11
731  1.33227e-13    4.43867e-11
733  5.55112e-13    3.79696e-12
735  1.03251e-12    3.40838e-11
737  5.10703e-13    3.35287e-12
739  2.79776e-12    9.98757e-11
741  1.35447e-12    3.78575e-09
743  1.15241e-11    9.72777e-11
745  1.07692e-12    1.22458e-11
747  1.44329e-13    4.74731e-11
749  3.10862e-12    2.78222e-11
751  1.53211e-12    5.72875e-12
753  1.11022e-13    3.30846e-12
755  4.44089e-14    1.25389e-10
757  1.84297e-12    6.66134e-12
759  2.9976e-13    3.34022e-10
761  1.93179e-12    1.95621e-11
763  1.77636e-13    2.37588e-12
765  6.21725e-13    6.38378e-12
767  2.13163e-12    1.02363e-11
769  1.02141e-12    6.45262e-11
771  3.33067e-13    1.34892e-11
773  2.46803e-11    1.2419e-10
775  1.74305e-12    2.28595e-11
777  5.9952e-13    5.37792e-11
779  9.88098e-13    3.9968e-13
781  8.88178e-14    9.50351e-12
783  4.32987e-13    2.06501e-11
785  1.33227e-13    7.52731e-12
787  5.80647e-12    1.61093e-10
789  6.10623e-12    8.32667e-13
791  1.11022e-13    5.20251e-11
793  1.4988e-12    1.8896e-11
795  3.33067e-13    1.30229e-11
797  1.90958e-12    3.60822e-11
799  1.11022e-13    1.90958e-12
801  2.60902e-12    4.11959e-10
803  1.57652e-12    4.73177e-11
805  2.44249e-13    4.21885e-12
807  1.66533e-12    2.98206e-11
809  5.10703e-13    4.92939e-12
811  1.53211e-12    2.15605e-11
813  7.32747e-13    1.13576e-11
815  8.65974e-13    3.90799e-12
817  2.44249e-13    1.2812e-11
819  6.21725e-13    3.9968e-13
821  1.24345e-12    1.24123e-11
823  7.66054e-12    4.11893e-10
825  9.32587e-13    4.70401e-11
827  2.10942e-13    5.51559e-11
829  2.5091e-12    6.88338e-13
831  2.55351e-13    2.38698e-11
833  1.77636e-13    6.00631e-11
835  8.77076e-13    1.42442e-11
837  7.77156e-13    3.87468e-12
839  1.22125e-12    9.55902e-12
841  2.64233e-12    1.07692e-10
843  8.21565e-13    3.05311e-11
845  2.44249e-13    1.88738e-12
847  9.76996e-13    9.79217e-12
849  1.66533e-12    2.59237e-11
851  4.64073e-12    5.78204e-11
853  2.22045e-14    2.86438e-12
855  5.9952e-13    9.32587e-13
857  8.21565e-13    7.68718e-11
859  1.17684e-12    1.58108e-09
861  1.25455e-12    4.17444e-12
863  2.02061e-12    1.33005e-11
865  1.60982e-12    1.71232e-09
867  1.19904e-12    1.29607e-10
869  2.22045e-13    4.26326e-11
871  3.04201e-12    3.05533e-11
873  3.9968e-13    2.89768e-12
875  1.13243e-12    6.52367e-11
877  1.15463e-12    6.90559e-12
879  1.79856e-12    2.99538e-11
881  1.28786e-12    4.44089e-12
883  1.39888e-12    2.25509e-10
885  4.44089e-14    3.7581e-11
887  2.52021e-12    1.26565e-12
889  4.66294e-13    1.25144e-10
891  4.94049e-12    1.30651e-10
893  3.77476e-13    6.66134e-14
895  1.45439e-12    1.22347e-11
897  2.37588e-12    2.65787e-11
899  2.10942e-13    6.81899e-11
901  3.44169e-13    4.15445e-11
903  8.99281e-13    8.69971e-11
905  1.5099e-12    3.12639e-11
907  7.54952e-13    1.93001e-10
909  1.11022e-13    7.37854e-11
911  7.10543e-13    1.46883e-11
913  1.14353e-12    2.01394e-11
915  3.35287e-12    1.11133e-10
917  2.33147e-12    9.28591e-11
919  1.77636e-12    1.09379e-10
921  9.10383e-13    1.8896e-11
923  7.10543e-13    8.16014e-11
925  2.44249e-13    8.14904e-12
927  8.21565e-13    2.72116e-11
929  1.73195e-12    1.16573e-11
931  4.14113e-12    1.26354e-10
933  1.77636e-12    2.9754e-12
935  9.65894e-13    1.10578e-11
937  1.64313e-12    2.43017e-10
939  1.22125e-12    9.83658e-12
941  5.10703e-13    4.61853e-12
943  7.77156e-13    5.19584e-11
945  2.10942e-13    2.9754e-12
947  1.66533e-13    5.70655e-12
949  1.23235e-12    1.15419e-10
951  7.10543e-13    2.37366e-11
953  8.65974e-13    8.471e-11
955  6.86118e-12    8.43769e-12
957  5.32907e-13    1.95333e-10
959  7.89369e-12    1.44618e-10
961  8.54872e-13    1.18572e-11
963  1.9984e-13    1.31561e-11
965  2.33147e-12    1.21014e-11
967  1.84297e-12    4.92273e-11
969  7.10543e-13    3.3562e-11
971  9.9698e-12    4.77673e-10
973  9.76996e-13    5.28799e-11
975  2.22045e-13    4.22107e-11
977  2.06501e-12    4.20108e-11
979  2.08722e-12    7.47846e-11
981  3.79696e-12    1.4222e-11
983  1.77636e-13    1.70974e-12
985  1.9984e-13    7.90257e-11
987  2.03171e-12    1.33649e-10
989  2.02061e-12    2.54241e-12
991  3.90799e-12    4.26326e-12
993  3.55271e-13    1.3306e-10
995  9.10383e-13    7.39409e-12
997  2.26485e-12    3.55271e-12
999  1.2701e-11    4.03368e-09
