#     Normal     Partial_LU     Full_LU 

1     6.491e-06  1.653e-06  3.075e-06  
2     8.695e-06  2.715e-06  4.968e-06  
4     1.2442e-05  4.197e-06  8.023e-06  
8     2.0095e-05  7.753e-06  1.4444e-05  
16     4.3065e-05  1.6578e-05  3.1524e-05  
32     0.000125659  4.1942e-05  9.9543e-05  
64     0.000419842  0.000129275  0.000489543  
128     0.00182641  0.000535624  0.00298602  
256     0.00561143  0.00174828  0.0105079  
512     0.0336694  0.012347  0.0690489  
1024     0.204409  0.0711067  0.552307  
2048     1.34494  0.410468  6.10587  
