#     Normal     Partial_LU     Full_LU 

1     5.2e-06  1.513e-06  2.655e-06  
3     3.417e-06  1.302e-06  2.865e-06  
5     8.166e-06  2.134e-06  4.198e-06  
7     7.163e-06  3.006e-06  6.141e-06  
9     8.656e-06  4.809e-06  8.536e-06  
11     1.2934e-05  5.36e-06  1.103e-05  
13     1.9426e-05  6.943e-06  1.4678e-05  
15     2.0438e-05  8.516e-06  1.8504e-05  
17     2.713e-05  1.1592e-05  2.2813e-05  
19     2.8834e-05  1.3675e-05  2.7562e-05  
21     3.2591e-05  1.588e-05  3.7169e-05  
23     5.6326e-05  1.7493e-05  3.8492e-05  
25     4.1307e-05  1.9135e-05  4.4884e-05  
27     4.81e-05  2.1851e-05  5.3269e-05  
29     5.2198e-05  2.4746e-05  6.0653e-05  
31     6.3388e-05  2.685e-05  6.9299e-05  
33     6.3619e-05  3.0097e-05  8.2374e-05  
35     8.034e-05  3.3833e-05  9.091e-05  
37     9.1461e-05  3.6638e-05  0.000103724  
39     9.2803e-05  3.8892e-05  0.000116097  
41     9.7822e-05  4.2329e-05  0.000131426  
43     0.000110397  4.6557e-05  0.000146825  
45     0.000116889  4.9442e-05  0.000163325  
47     0.000132187  5.4682e-05  0.000181429  
49     0.00013944  5.7007e-05  0.000199964  
51     0.00012848  2.9115e-05  0.000102382  
53     8.2754e-05  3.1329e-05  0.000113372  
55     9.4707e-05  3.3894e-05  0.000123911  
57     9.9446e-05  3.6829e-05  0.000136375  
59     0.000100007  3.9665e-05  0.000121267  
61     8.5069e-05  3.2891e-05  0.000130434  
63     9.5068e-05  3.5566e-05  0.000140302  
65     9.8264e-05  3.6849e-05  0.000158807  
67     0.000114133  3.9875e-05  0.000175538  
69     0.000115436  4.1888e-05  0.000179996  
71     0.000129372  4.4653e-05  0.000193582  
73     0.000134221  4.6948e-05  0.000210664  
75     0.000144791  5.0334e-05  0.000224329  
77     0.000150942  5.2418e-05  0.000239928  
79     0.000164107  5.6165e-05  0.000258854  
81     0.000171891  5.7948e-05  0.000276808  
83     0.000207147  6.2406e-05  0.000297466  
85     0.000194133  6.4411e-05  0.00031514  
87     0.000218178  6.8468e-05  0.000340767  
89     0.000216465  7.0061e-05  0.000361636  
91     0.000233597  7.5532e-05  0.000378137  
93     0.000260397  8.2044e-05  0.000404006  
95     0.000258253  8.551e-05  0.000425926  
97     0.00026758  8.8997e-05  0.000453017  
99     0.000285544  9.5428e-05  0.000479266  
101     0.00029423  9.9085e-05  0.000506216  
103     0.000312474  0.000105818  0.000541913  
105     0.000348561  0.000109114  0.000578321  
107     0.00034212  0.000116267  0.000604921  
109     0.000350014  0.000119243  0.000626581  
111     0.000371455  0.000126707  0.000656487  
113     0.000373679  0.000128811  0.000784267  
115     0.000403073  0.000156001  0.000724194  
117     0.000419154  0.000141374  0.000760001  
119     0.00043337  0.00014981  0.000794736  
121     0.000483834  0.000178534  0.000845852  
123     0.000522477  0.000189003  0.000894973  
125     0.000520433  0.000195345  0.000929999  
127     0.000550519  0.000204392  0.00096298  
129     0.000621091  0.000228587  0.00100661  
131     0.000692534  0.000260978  0.00105036  
133     0.000664503  0.000291756  0.00110558  
135     0.000680302  0.000282408  0.00115361  
137     0.000743611  0.000320419  0.00119593  
139     0.000776703  0.000310411  0.00126358  
141     0.000797331  0.000318014  0.00129036  
143     0.000769619  0.000303678  0.00136511  
145     0.00079728  0.000343903  0.00141345  
147     0.000843597  0.000366755  0.00144583  
149     0.000904601  0.000382876  0.00150388  
151     0.000935679  0.00038546  0.00157691  
153     0.000935959  0.000371504  0.0016129  
155     0.000960616  0.000378648  0.00167058  
157     0.00104798  0.000504683  0.00174046  
159     0.00110842  0.000439221  0.00181005  
161     0.00100994  0.000420146  0.00188545  
163     0.00107698  0.000426928  0.00192721  
165     0.00111791  0.000494364  0.00202647  
167     0.00122653  0.000523969  0.00209983  
169     0.00122029  0.000516185  0.00216411  
171     0.0012779  0.000501928  0.002211  
173     0.00123056  0.000580175  0.00231229  
175     0.00137991  0.000570787  0.00236815  
177     0.00130499  0.000517407  0.00246638  
179     0.0014063  0.000632452  0.00252053  
181     0.00143831  0.000644374  0.00261155  
183     0.00148641  0.000581247  0.00268884  
185     0.00160998  0.000683328  0.002792  
187     0.00168128  0.000720988  0.00285763  
189     0.00154987  0.00067361  0.00295037  
191     0.00172887  0.000766783  0.00304925  
193     0.00239179  0.0007171  0.00312035  
195     0.00210233  0.00080794  0.00322477  
197     0.00179944  0.000767044  0.0033057  
199     0.0018895  0.000795748  0.00342411  
201     0.00197415  0.000807059  0.00352425  
203     0.00216377  0.000817648  0.00356323  
205     0.00258391  0.000798844  0.00370673  
207     0.00466116  0.00147067  0.00848623  
209     0.00203865  0.000918938  0.00400749  
211     0.00225083  0.000946009  0.00409674  
213     0.00236394  0.000961508  0.00420711  
215     0.00493866  0.00119932  0.004243  
217     0.00286184  0.00103607  0.00437312  
219     0.00241435  0.00101564  0.00446197  
221     0.00238212  0.00100589  0.0046064  
223     0.00261457  0.00110796  0.00472383  
225     0.00309551  0.00111037  0.00485503  
227     0.00434639  0.00160042  0.00499414  
229     0.00318976  0.00120149  0.00511939  
231     0.00296197  0.00120518  0.00529105  
233     0.00299076  0.00121025  0.00533415  
235     0.00348264  0.00296619  0.00545133  
237     0.0034073  0.00116309  0.005569  
239     0.00324403  0.00136764  0.0057398  
241     0.00412235  0.0161558  0.00603537  
243     0.00990035  0.00212506  0.00773823  
245     0.00350796  0.00415383  0.00803448  
247     0.00362492  0.00286798  0.00631852  
249     0.004543  0.00173208  0.00661505  
251     0.0044859  0.00316709  0.00665941  
253     0.00992563  0.00479395  0.00676853  
255     0.00553184  0.00148876  0.00697298  
257     0.00568924  0.00469293  0.00809057  
259     0.00745122  0.00636808  0.00722063  
261     0.0087253  0.0114995  0.00916984  
263     0.0184953  0.0025675  0.00920001  
265     0.0257726  0.00144301  0.00770981  
267     0.00829846  0.0130109  0.00788961  
269     0.00915862  0.00148586  0.00803956  
271     0.00420594  0.00824562  0.00995434  
273     0.00659136  0.00922796  0.00842968  
275     0.00717644  0.00141392  0.0103465  
277     0.00467054  0.00271972  0.0105607  
279     0.0112115  0.0122596  0.00906767  
281     0.024416  0.00747159  0.00921954  
283     0.00639124  0.0108392  0.00931069  
285     0.0177008  0.00393768  0.0093621  
287     0.00490673  0.00740098  0.00958263  
289     0.00730211  0.00407846  0.00975669  
291     0.0124999  0.00315829  0.0100384  
293     0.00706921  0.00172839  0.0125605  
295     0.00657737  0.00561623  0.010921  
297     0.00546623  0.00599163  0.0108698  
299     0.007862  0.00278978  0.0126995  
301     0.00625211  0.00202049  0.0130416  
303     0.0053198  0.00171081  0.012954  
305     0.00839452  0.0020617  0.0133114  
307     0.038833  0.00278944  0.0134028  
309     0.00774125  0.00781272  0.0119804  
311     0.0250714  0.017895  0.0123487  
313     0.00646106  0.00432322  0.0196611  
315     0.00825145  0.00259784  0.0128292  
317     0.00892399  0.0215879  0.0130533  
319     0.0120647  0.00282095  0.013175  
321     0.0207091  0.00260677  0.0136178  
323     0.00743817  0.00297291  0.0180464  
325     0.0224287  0.00529659  0.0155467  
327     0.0110456  0.00229101  0.0156012  
329     0.00989353  0.00587274  0.0187987  
331     0.0125308  0.00328427  0.0163795  
333     0.0252977  0.00315089  0.0162438  
335     0.013818  0.0176909  0.0152234  
337     0.0114947  0.00338227  0.0170524  
339     0.00808747  0.00243792  0.0173652  
341     0.00835795  0.00258432  0.0197839  
343     0.010269  0.00401914  0.01656  
345     0.00954698  0.00268807  0.0168472  
347     0.00854526  0.00290113  0.0172292  
349     0.00834762  0.0027047  0.017424  
351     0.0125026  0.00286196  0.0175772  
353     0.0123248  0.00382688  0.0191229  
355     0.0137923  0.00366384  0.023371  
357     0.00837048  0.00218162  0.018372  
359     0.0119308  0.00280517  0.0187286  
361     0.0102854  0.00350914  0.0204617  
363     0.0140623  0.00942866  0.0200961  
365     0.0115548  0.023168  0.0197986  
367     0.00852522  0.00763137  0.0217131  
369     0.0126394  0.00675981  0.0223925  
371     0.011865  0.00289196  0.0205098  
373     0.0108636  0.0194473  0.0208813  
375     0.00908632  0.00404772  0.0224472  
377     0.0288386  0.00399186  0.0215424  
379     0.0202946  0.0116623  0.0224138  
381     0.0102773  0.00375329  0.027505  
383     0.0101158  0.00425672  0.0236492  
385     0.0510334  0.0101766  0.0232116  
387     0.0102832  0.00876961  0.0239411  
389     0.0147528  0.0100584  0.0240826  
391     0.0364354  0.00795219  0.0240297  
393     0.0278456  0.00823226  0.0243189  
395     0.0132565  0.00476682  0.0246535  
397     0.0159426  0.00925333  0.0254359  
399     0.0139674  0.0214534  0.0267388  
401     0.0122135  0.0134707  0.0270482  
403     0.013837  0.0115682  0.0274932  
405     0.0158162  0.00733112  0.0278681  
407     0.0247839  0.0173109  0.0272555  
409     0.0310698  0.031262  0.0273751  
411     0.0188295  0.0069615  0.0282111  
413     0.0229453  0.0112626  0.0282575  
415     0.0214211  0.0106612  0.0286092  
417     0.0356371  0.00818383  0.0302358  
419     0.022039  0.00838747  0.0294762  
421     0.0349108  0.00903779  0.0312672  
423     0.0121201  0.0404966  0.0310519  
425     0.018786  0.0122098  0.0318748  
427     0.021166  0.0249254  0.0320834  
429     0.0156512  0.0166039  0.0328974  
431     0.0213902  0.0216209  0.0319402  
433     0.0301767  0.0155716  0.0327127  
435     0.0185178  0.0140479  0.0332145  
437     0.0161908  0.0143267  0.0333134  
439     0.0205479  0.00937185  0.0341775  
441     0.0277272  0.0106714  0.034604  
443     0.0218659  0.00912852  0.0352422  
445     0.0221798  0.0105007  0.0357604  
447     0.0189373  0.0248521  0.0360755  
449     0.0189343  0.0128907  0.0371488  
451     0.0186792  0.00703548  0.0370643  
453     0.0200721  0.010554  0.0388595  
455     0.0196441  0.00721453  0.0382257  
457     0.0202714  0.012626  0.0385165  
459     0.0230961  0.00939463  0.0388217  
461     0.0258024  0.00828123  0.0392966  
463     0.0423191  0.00958065  0.0404302  
465     0.0286297  0.0171178  0.0403994  
467     0.0279023  0.0141231  0.0404624  
469     0.0212065  0.0210116  0.040971  
471     0.0257183  0.0289418  0.0411575  
473     0.023918  0.0153142  0.0425345  
475     0.0210707  0.00770722  0.0425006  
477     0.021505  0.0193535  0.0427497  
479     0.0201399  0.0119556  0.0434634  
481     0.0525074  0.0142884  0.0442018  
483     0.0391923  0.00734662  0.0454666  
485     0.0361924  0.0432492  0.0449078  
487     0.0209117  0.0187433  0.0453307  
489     0.0342049  0.0175194  0.0460881  
491     0.0213796  0.00952114  0.0476319  
493     0.0273671  0.0155722  0.0476482  
495     0.0283065  0.0208804  0.047683  
497     0.0247904  0.0160168  0.0496837  
499     0.0420529  0.0119788  0.0495509  
501     0.0322724  0.0139028  0.0530192  
503     0.0304772  0.0142473  0.0506571  
505     0.0285429  0.0126488  0.0509254  
507     0.0384943  0.00905475  0.0517904  
509     0.0306624  0.0116698  0.0542006  
511     0.0287855  0.012659  0.0540518  
513     0.0335655  0.0119816  0.0530446  
515     0.0530979  0.0171268  0.0549949  
517     0.0285948  0.0157261  0.0553159  
519     0.0303637  0.0260628  0.0551141  
521     0.0442505  0.0449577  0.0556371  
523     0.0493059  0.0134578  0.0562899  
525     0.033384  0.017419  0.0566123  
527     0.0353159  0.0202518  0.057333  
529     0.0317283  0.0280208  0.0594333  
531     0.0348954  0.0141779  0.0586931  
533     0.0435445  0.0131267  0.059217  
535     0.0336029  0.0195145  0.0599035  
537     0.0340244  0.0158327  0.0608507  
539     0.0494956  0.0543271  0.0612814  
541     0.0521528  0.0244436  0.0620646  
543     0.0387157  0.0152753  0.0631797  
545     0.0421359  0.0514973  0.0635335  
547     0.0565092  0.0371522  0.0642277  
549     0.0435773  0.0165436  0.0667216  
551     0.0471944  0.0303114  0.0659654  
553     0.0592175  0.0189567  0.0681618  
555     0.0457981  0.0306952  0.0692573  
557     0.0493751  0.029728  0.0674123  
559     0.0497281  0.0301019  0.0680931  
561     0.0422602  0.0472588  0.0700171  
563     0.0401182  0.0255611  0.0695008  
565     0.0650183  0.0379275  0.0705634  
567     0.0461965  0.031231  0.071737  
569     0.0540226  0.0162784  0.0747404  
571     0.0455063  0.0245872  0.0737525  
573     0.0570738  0.0178824  0.074675  
575     0.0495637  0.030008  0.0767091  
577     0.0464409  0.0404898  0.0769556  
579     0.0515215  0.0239095  0.0766833  
581     0.0582314  0.0212986  0.0761523  
583     0.0616429  0.0242758  0.0777627  
585     0.050757  0.020623  0.0776209  
587     0.0582267  0.0414181  0.0785713  
589     0.0381384  0.0174178  0.0799444  
591     0.0539127  0.0179948  0.0804869  
593     0.0626726  0.0312923  0.0821483  
595     0.0454183  0.0255675  0.0825471  
597     0.0398366  0.0282489  0.0820624  
599     0.0668864  0.031734  0.0841827  
601     0.0615368  0.0207981  0.0850565  
603     0.0597977  0.0248798  0.0858348  
605     0.0561204  0.0179711  0.0864139  
607     0.0463405  0.0278991  0.0874928  
609     0.0431713  0.0431507  0.0881739  
611     0.0437225  0.0272446  0.0892972  
613     0.0503237  0.019874  0.0963627  
615     0.0655714  0.0210886  0.093141  
617     0.0651832  0.018405  0.0911803  
619     0.0728192  0.0317136  0.0918731  
621     0.0581758  0.0205705  0.0927893  
623     0.0686463  0.0216272  0.094148  
625     0.0524154  0.0230819  0.0950142  
627     0.0513344  0.0380315  0.0966423  
629     0.0909469  0.0313189  0.096303  
631     0.0796027  0.0240212  0.0963754  
633     0.05319  0.0401109  0.100485  
635     0.0799275  0.0213353  0.0999797  
637     0.0673982  0.036623  0.100059  
639     0.0802967  0.0400835  0.100665  
641     0.114818  0.0640525  0.101283  
643     0.0798289  0.0353289  0.106211  
645     0.0450177  0.0269477  0.104817  
647     0.0729817  0.041236  0.107342  
649     0.0657224  0.0280562  0.105792  
651     0.0736533  0.0192134  0.108153  
653     0.0657081  0.0357534  0.107718  
655     0.0576158  0.0189309  0.109088  
657     0.0678076  0.0554671  0.110395  
659     0.0533127  0.0564403  0.111519  
661     0.0537744  0.0313934  0.114562  
663     0.0633175  0.0844551  0.115023  
665     0.0713218  0.0256452  0.114611  
667     0.0878956  0.0500547  0.11509  
669     0.0636094  0.0257433  0.116138  
671     0.0963992  0.0247605  0.116287  
673     0.0688066  0.0471094  0.120296  
675     0.0603476  0.0401791  0.120498  
677     0.0556532  0.0255552  0.11933  
679     0.0506459  0.0233974  0.120906  
681     0.0618233  0.0222224  0.121587  
683     0.0519267  0.0320294  0.122765  
685     0.0573846  0.0219005  0.123701  
687     0.0634579  0.0252972  0.124368  
689     0.0716229  0.03696  0.125027  
691     0.0727279  0.0360297  0.127392  
693     0.0494179  0.0269114  0.127921  
695     0.0993395  0.062563  0.130009  
697     0.119946  0.0734748  0.132701  
699     0.127289  0.0265701  0.133212  
701     0.171803  0.0890375  0.142274  
703     0.0929009  0.0383982  0.13388  
705     0.0798818  0.0261996  0.137655  
707     0.0631112  0.0325527  0.1406  
709     0.0911371  0.0440028  0.144308  
711     0.0958347  0.0244621  0.140429  
713     0.0874878  0.0695809  0.144663  
715     0.142846  0.100484  0.144449  
717     0.0616607  0.048433  0.156496  
719     0.150055  0.107005  0.146243  
721     0.200898  0.120323  0.197238  
723     0.179344  0.0779465  0.15142  
725     0.114701  0.0922355  0.16074  
727     0.135584  0.125083  0.161276  
729     0.156801  0.078738  0.155592  
731     0.100226  0.0630648  0.150454  
733     0.103439  0.0417096  0.156692  
735     0.0679919  0.0459173  0.161383  
737     0.0844312  0.0294136  0.164408  
739     0.155113  0.0423094  0.154804  
741     0.0902228  0.0408096  0.165376  
743     0.0706193  0.0499489  0.16299  
745     0.094084  0.0421904  0.15941  
747     0.081436  0.0446518  0.160651  
749     0.0804165  0.0706538  0.163143  
751     0.101087  0.0421786  0.164168  
753     0.0873177  0.0438162  0.167013  
755     0.0791577  0.0278425  0.166654  
757     0.112652  0.039141  0.16682  
759     0.109824  0.0435128  0.170627  
761     0.123249  0.0486918  0.171013  
763     0.156236  0.070906  0.17757  
765     0.10985  0.0463175  0.175287  
767     0.0949688  0.049973  0.181841  
769     0.0775792  0.0342536  0.186232  
771     0.108176  0.0318092  0.177945  
773     0.0715739  0.0521516  0.18003  
775     0.0967224  0.0805939  0.182013  
777     0.1087  0.0789111  0.184415  
779     0.126006  0.0454772  0.186488  
781     0.0837474  0.0934221  0.235197  
783     0.0958417  0.0799835  0.223676  
785     0.0949297  0.0530014  0.189322  
787     0.0834801  0.0679085  0.19348  
789     0.0751338  0.0393671  0.19006  
791     0.151716  0.11974  0.210384  
793     0.105732  0.110944  0.200847  
795     0.106206  0.0560733  0.19961  
797     0.101794  0.035775  0.203845  
799     0.121638  0.0410003  0.223006  
801     0.153737  0.0783236  0.247048  
803     0.141489  0.0796023  0.203738  
805     0.117334  0.082872  0.211022  
807     0.102676  0.04886  0.219361  
809     0.162328  0.0867184  0.210885  
811     0.156954  0.0980639  0.223699  
813     0.109261  0.0557927  0.211599  
815     0.106117  0.0660947  0.221526  
817     0.124412  0.0388332  0.211362  
819     0.106735  0.0805605  0.214091  
821     0.118727  0.0769273  0.214781  
823     0.10447  0.0479022  0.219195  
825     0.137887  0.0579604  0.218772  
827     0.0858593  0.0412855  0.2324  
829     0.091793  0.0310786  0.219912  
831     0.107192  0.0330488  0.240321  
833     0.101638  0.0491862  0.239182  
835     0.113953  0.0408814  0.230636  
837     0.105026  0.0347926  0.225958  
839     0.0944638  0.0420878  0.232747  
841     0.0903622  0.053422  0.249215  
843     0.106455  0.0491833  0.240465  
845     0.0904418  0.0358201  0.239216  
847     0.101963  0.0355992  0.246988  
849     0.0913173  0.0318746  0.249251  
851     0.0912956  0.0464219  0.255657  
853     0.141332  0.106852  0.260197  
855     0.115132  0.106262  0.249172  
857     0.121721  0.0842131  0.265944  
859     0.100912  0.0464861  0.272012  
861     0.136105  0.0759147  0.283011  
863     0.122643  0.0591664  0.260616  
865     0.145229  0.0493009  0.252833  
867     0.133225  0.0466343  0.271211  
869     0.139819  0.0663577  0.262686  
871     0.108821  0.0874514  0.282092  
873     0.11676  0.0744095  0.270412  
875     0.135825  0.0518987  0.282279  
877     0.120595  0.0486812  0.262622  
879     0.107219  0.0441037  0.265722  
881     0.114567  0.0629816  0.27692  
883     0.109578  0.110174  0.301184  
885     0.133261  0.0965848  0.284381  
887     0.114731  0.0334075  0.298923  
889     0.121334  0.0631614  0.288868  
891     0.128045  0.0647139  0.297141  
893     0.137935  0.0651404  0.300212  
895     0.130564  0.102797  0.302019  
897     0.124435  0.0681724  0.2958  
899     0.108163  0.0728292  0.302186  
901     0.114617  0.0545209  0.31891  
903     0.14144  0.0455108  0.310569  
905     0.119296  0.0404803  0.312767  
907     0.151019  0.0657152  0.320954  
909     0.121175  0.0526346  0.306696  
911     0.113253  0.0495618  0.313105  
913     0.113587  0.0518538  0.310494  
915     0.145677  0.0525719  0.312803  
917     0.1268  0.0708837  0.325293  
919     0.119923  0.046957  0.323616  
921     0.161322  0.105795  0.318419  
923     0.136463  0.0464045  0.340188  
925     0.156496  0.0984109  0.325258  
927     0.123504  0.0388057  0.32171  
929     0.136005  0.0501795  0.358938  
931     0.168284  0.118132  0.375288  
933     0.18993  0.115704  0.342311  
935     0.1529  0.0385637  0.361357  
937     0.143012  0.0362334  0.341843  
939     0.129011  0.0385976  0.359669  
941     0.120445  0.0655904  0.414669  
943     0.15246  0.062169  0.351604  
945     0.181533  0.0396434  0.357142  
947     0.140737  0.0552275  0.36243  
949     0.126137  0.0862092  0.360157  
951     0.134569  0.0537178  0.364356  
953     0.110117  0.055269  0.383657  
955     0.124228  0.0596491  0.391389  
957     0.120695  0.0824917  0.36588  
959     0.155017  0.0760203  0.379705  
961     0.140708  0.0397496  0.405138  
963     0.148202  0.0573854  0.378677  
965     0.153142  0.0461666  0.380593  
967     0.132228  0.0579764  0.426116  
969     0.144559  0.0761915  0.389648  
971     0.1535  0.0431929  0.39854  
973     0.192762  0.0657763  0.404642  
975     0.143461  0.0954421  0.41032  
977     0.14674  0.0665575  0.396459  
979     0.145584  0.0648729  0.426906  
981     0.145869  0.0857628  0.432884  
983     0.136544  0.0398477  0.420154  
985     0.143635  0.0919077  0.395866  
987     0.164938  0.0504365  0.420079  
989     0.18967  0.145381  0.466643  
991     0.202552  0.147674  0.475013  
993     0.221246  0.0971502  0.4941  
995     0.167436  0.096839  0.457786  
997     0.150304  0.0518077  0.457063  
999     0.201192  0.0516548  0.453949  
