#     Normal     Partial_LU     Full_LU 

1     5.851e-06  1.763e-06  3.156e-06  
2     2.615e-06  1.032e-06  2.064e-06  
3     4.308e-06  1.834e-06  3.086e-06  
4     5.069e-06  1.994e-06  8.376e-06  
5     6.412e-06  3.306e-06  5.932e-06  
6     7.444e-06  3.547e-06  6.132e-06  
7     9.919e-06  4.759e-06  6.712e-06  
8     1.3254e-05  5.35e-06  9.438e-06  
9     1.2944e-05  5.33e-06  9.427e-06  
10     1.2273e-05  5.129e-06  9.999e-06  
11     1.5028e-05  6.011e-06  2.6459e-05  
12     1.4467e-05  5.931e-06  1.1332e-05  
13     1.9957e-05  7.584e-06  1.5549e-05  
14     1.9216e-05  1.0871e-05  2.175e-05  
15     2.5518e-05  1.1802e-05  2.3533e-05  
16     3.0797e-05  1.0469e-05  2.3875e-05  
17     2.7741e-05  1.2824e-05  2.2973e-05  
18     2.5137e-05  1.2553e-05  2.2271e-05  
19     4.6256e-05  1.9977e-05  3.4554e-05  
20     3.8782e-05  1.8715e-05  5.3861e-05  
21     5.8019e-05  2.3063e-05  4.3671e-05  
22     5.2508e-05  2.2572e-05  4.5455e-05  
23     5.5673e-05  2.7011e-05  5.1917e-05  
24     5.5483e-05  2.3714e-05  6.398e-05  
25     4.4423e-05  2.4255e-05  4.3502e-05  
26     4.7559e-05  2.0348e-05  5.1817e-05  
27     4.6387e-05  2.2842e-05  4.8631e-05  
28     4.6788e-05  2.1249e-05  4.5976e-05  
29     5.1586e-05  2.5809e-05  5.7447e-05  
30     6.4661e-05  2.4977e-05  5.7307e-05  
31     5.7617e-05  2.7501e-05  6.4521e-05  
32     5.6906e-05  2.4916e-05  7.7575e-05  
33     7.6112e-05  3.0757e-05  7.4278e-05  
34     6.9269e-05  3.744e-05  7.3758e-05  
35     7.6754e-05  3.3773e-05  8.3877e-05  
36     6.9539e-05  3.0907e-05  8.0821e-05  
37     8.018e-05  3.6808e-05  9.6109e-05  
38     9.2362e-05  4.5034e-05  9.3765e-05  
39     9.4527e-05  4.0305e-05  0.000106409  
40     8.5489e-05  3.6037e-05  9.9776e-05  
41     0.000110617  4.309e-05  0.000119684  
42     9.9886e-05  4.259e-05  0.000119834  
43     0.000119243  4.7629e-05  0.000138469  
44     0.000101359  5.0194e-05  0.000127007  
45     0.000149479  5.1076e-05  0.000147675  
46     0.000126256  4.9703e-05  0.000154278  
47     0.000132247  5.5383e-05  0.000162864  
48     5.5804e-05  2.2993e-05  7.8116e-05  
49     7.7475e-05  2.7221e-05  8.3426e-05  
50     7.2686e-05  2.729e-05  8.2735e-05  
51     7.1343e-05  2.9676e-05  9.11e-05  
52     6.8528e-05  2.714e-05  9.5799e-05  
53     8.9437e-05  2.5177e-05  8.0581e-05  
54     6.7226e-05  2.4817e-05  8.041e-05  
55     7.2595e-05  2.7351e-05  9.4155e-05  
56     6.2627e-05  2.4555e-05  8.3906e-05  
57     7.0321e-05  3.2581e-05  0.00013931  
58     0.000147856  5.1416e-05  0.000121256  
59     8.3085e-05  3.1729e-05  0.000110226  
60     7.6553e-05  2.8814e-05  0.0001015  
61     8.9978e-05  3.3122e-05  0.000114133  
62     8.8244e-05  3.3052e-05  0.000113672  
63     9.6931e-05  4.1608e-05  0.000127899  
64     9.1521e-05  3.2982e-05  0.000119763  
65     9.9095e-05  3.7139e-05  0.000140452  
66     0.000104175  3.6949e-05  0.000137527  
67     0.000110677  4.0726e-05  0.000143228  
68     0.000103774  3.6508e-05  0.000143488  
69     0.000120575  4.1998e-05  0.000161441  
70     0.000117891  4.1388e-05  0.000153918  
71     0.000126726  4.5385e-05  0.000174176  
72     0.000119794  4.0807e-05  0.000161942  
73     0.000140142  4.7609e-05  0.00018723  
74     0.000136135  4.6447e-05  0.000178423  
75     0.000156162  5.0574e-05  0.000191828  
76     0.000141504  4.5826e-05  0.000192509  
77     0.000156192  5.367e-05  0.000207027  
78     0.000172081  5.1927e-05  0.000203751  
79     0.000170819  5.5944e-05  0.000232263  
80     0.000159207  5.1026e-05  0.000215001  
81     0.00019283  0.00010699  0.000314667  
82     0.000191738  5.7668e-05  0.000232514  
83     0.000193061  6.2998e-05  0.000250287  
84     0.00018182  5.6656e-05  0.000266728  
85     0.000206746  7.0331e-05  0.000272939  
86     0.000195295  6.41e-05  0.000263221  
87     0.000210123  7.4288e-05  0.000305771  
88     0.000213749  6.2878e-05  0.000379909  
89     0.000219951  7.5641e-05  0.000301133  
90     0.000258933  6.974e-05  0.000307614  
91     0.000251499  7.6983e-05  0.000318374  
92     0.000222486  7.7856e-05  0.000320569  
93     0.000260747  9.116e-05  0.000362336  
94     0.00025715  8.055e-05  0.000361966  
95     0.000259945  0.000101639  0.00043882  
96     0.000252983  0.000106579  0.000355804  
97     0.000271397  8.9107e-05  0.000386481  
98     0.000268391  8.8205e-05  0.000384077  
99     0.000287677  9.5418e-05  0.000413502  
100     0.000453146  9.0329e-05  0.000393675  
101     0.00029435  9.8665e-05  0.000436656  
102     0.000298848  9.8554e-05  0.000466001  
103     0.000325658  0.000111017  0.000446343  
104     0.000299138  0.000103995  0.000440171  
105     0.000317143  0.000108382  0.000471951  
106     0.000345565  0.000108903  0.000475939  
107     0.000344994  0.000116397  0.00050901  
108     0.000345585  0.000114675  0.000499833  
109     0.00035364  0.000124993  0.000544647  
110     0.000359482  0.000121737  0.000529879  
111     0.000380741  0.000128049  0.000710376  
112     0.000362787  0.000126366  0.000555697  
113     0.000598848  0.000241691  0.000623864  
114     0.00041222  0.000143168  0.000573521  
115     0.000426326  0.000140563  0.000617363  
116     0.000469557  0.000130273  0.000596594  
117     0.000446704  0.000143909  0.000659271  
118     0.00042828  0.000147636  0.000634695  
119     0.00044425  0.000156583  0.000670702  
120     0.00047673  0.000165418  0.000661265  
121     0.000501276  0.000186738  0.000700798  
122     0.000683185  0.000196226  0.000701761  
123     0.000519981  0.000218789  0.000735864  
124     0.00048222  0.000177522  0.000742005  
125     0.000512136  0.000236572  0.000764487  
126     0.000534237  0.000189684  0.000774076  
127     0.000729883  0.000219119  0.000807508  
128     0.000652979  0.00024655  0.000777962  
129     0.000625327  0.000237313  0.000828246  
130     0.00064772  0.000230801  0.000838446  
131     0.000625487  0.000248925  0.00104701  
132     0.000628303  0.000244918  0.000851068  
133     0.000679359  0.000342539  0.000952078  
134     0.000660934  0.000258824  0.000909979  
135     0.000682174  0.000277808  0.001189  
136     0.000649703  0.000248895  0.000941869  
137     0.000697051  0.000263612  0.000997853  
138     0.000733059  0.000289089  0.000978707  
139     0.000722719  0.000386472  0.0010394  
140     0.000705037  0.000265846  0.00101309  
141     0.000770629  0.000370792  0.00107566  
142     0.000777191  0.000356586  0.00106413  
143     0.000800876  0.000357858  0.00113805  
144     0.000746123  0.00031594  0.00108263  
145     0.000808429  0.000318124  0.00117922  
146     0.00110912  0.000413361  0.00124541  
147     0.00098004  0.000407711  0.00121157  
148     0.000814171  0.000349202  0.00118234  
149     0.00118026  0.000430654  0.00125039  
150     0.000903466  0.000342169  0.00123006  
151     0.000925117  0.000376754  0.00129537  
152     0.000895381  0.000333643  0.00124723  
153     0.000959741  0.000420115  0.00137403  
154     0.000986503  0.000396069  0.00134089  
155     0.00111414  0.000461351  0.00141134  
156     0.000936408  0.000389487  0.0013589  
157     0.00125038  0.000415165  0.00163014  
158     0.00100259  0.000402782  0.00146755  
159     0.00106246  0.000468565  0.00149071  
160     0.00127326  0.000450661  0.00146318  
161     0.00102846  0.000427087  0.00154567  
162     0.00102648  0.000393014  0.00174437  
163     0.00112459  0.00046082  0.00161223  
164     0.00105865  0.000451353  0.00155316  
165     0.00128229  0.000482591  0.00167279  
166     0.00113351  0.000462363  0.001633  
167     0.00119862  0.000559504  0.00172881  
168     0.00109894  0.00046604  0.00164715  
169     0.00119862  0.000512718  0.00199499  
170     0.00131008  0.000503771  0.00174218  
171     0.0012811  0.000546199  0.00199467  
172     0.00119973  0.000462684  0.00177109  
173     0.00124063  0.000507197  0.00189711  
174     0.00137789  0.000604569  0.0018596  
175     0.00143777  0.000565206  0.00193837  
176     0.00124189  0.000522125  0.00189378  
177     0.00141931  0.000618565  0.00203937  
178     0.00145451  0.000601232  0.00199836  
179     0.00141706  0.000554145  0.00208857  
180     0.00134605  0.000553974  0.00202027  
181     0.00150155  0.000629616  0.00215462  
182     0.00152278  0.000587647  0.00210827  
183     0.00152662  0.000714054  0.00223031  
184     0.00160642  0.000622613  0.00214459  
185     0.00228243  0.000695058  0.00225658  
186     0.00166139  0.00066413  0.00226652  
187     0.00168729  0.000699897  0.00233058  
188     0.00154014  0.00111911  0.00227874  
189     0.00191825  0.000750542  0.00240873  
190     0.00165122  0.000662267  0.00233394  
191     0.00167585  0.000635957  0.0024228  
192     0.00156098  0.000832033  0.00235851  
193     0.00236235  0.000849627  0.00250121  
194     0.00179093  0.000653891  0.00248393  
195     0.00173736  0.000679508  0.00259162  
196     0.00171338  0.000703874  0.00250361  
197     0.00211457  0.000753297  0.0026807  
198     0.00173252  0.000648611  0.00263324  
199     0.00187781  0.000813419  0.00272829  
200     0.00187748  0.000746203  0.00271365  
201     0.00185781  0.000750421  0.00284078  
202     0.00208947  0.000770589  0.00280136  
203     0.00196038  0.000793691  0.00312646  
204     0.00237844  0.000831453  0.00284822  
205     0.00234203  0.000906562  0.00304199  
206     0.00204473  0.000963418  0.00295899  
207     0.00326465  0.00118339  0.00412324  
208     0.00210016  0.00207011  0.00301478  
209     0.00233556  0.00085168  0.00318773  
210     0.00212711  0.000885634  0.00315651  
211     0.00243671  0.00128709  0.00328637  
212     0.00245309  0.000881295  0.00318456  
213     0.00313166  0.00172972  0.0087517  
214     0.00279175  0.00171902  0.00740989  
215     0.00260677  0.000945034  0.00344979  
216     0.00293262  0.00192677  0.00538004  
217     0.00276521  0.00181203  0.0037456  
218     0.00242437  0.00112166  0.00351164  
219     0.00647422  0.00140327  0.00359988  
220     0.00249935  0.00507111  0.00348282  
221     0.00247116  0.000866839  0.0036752  
222     0.00453179  0.00223292  0.00370364  
223     0.00292211  0.00147118  0.00380687  
224     0.00250452  0.00149846  0.00369197  
225     0.00664523  0.0010267  0.00465407  
226     0.00415476  0.00239279  0.00522105  
227     0.00721829  0.00267415  0.00396329  
228     0.00439168  0.00204764  0.00536059  
229     0.00433687  0.00322966  0.00526605  
230     0.00457524  0.00177721  0.00399534  
231     0.0040421  0.0034589  0.0048346  
232     0.00414235  0.00317307  0.00410645  
233     0.00550339  0.00226398  0.00427174  
234     0.00828091  0.00935909  0.00449814  
235     0.0123373  0.00199729  0.00476971  
236     0.00298904  0.00415493  0.00446231  
237     0.00456565  0.00285323  0.00622983  
238     0.00438367  0.00138907  0.00475167  
239     0.00579014  0.00140056  0.00470123  
240     0.0124894  0.00316563  0.00603383  
241     0.00350618  0.0020885  0.00468082  
242     0.0207459  0.00228123  0.00460722  
243     0.00437774  0.006655  0.0060903  
244     0.0192763  0.0162977  0.00466115  
245     0.0102332  0.00289678  0.0048702  
246     0.0249724  0.00307947  0.00482637  
247     0.0232643  0.00392074  0.00504861  
248     0.0106478  0.00211606  0.0049381  
249     0.00988681  0.00395522  0.00520469  
250     0.00882544  0.00860404  0.0052701  
251     0.00370047  0.00461012  0.00553062  
252     0.0219978  0.016942  0.00505597  
253     0.0137334  0.00218414  0.00558596  
254     0.00367386  0.00217313  0.0054889  
255     0.00609632  0.00266856  0.00598624  
256     0.00556894  0.00168188  0.00583843  
257     0.0171073  0.0204179  0.00567623  
258     0.00836946  0.00334006  0.00590194  
259     0.0120561  0.00147482  0.00594329  
260     0.00827682  0.004209  0.00559857  
261     0.00592461  0.00156102  0.0058766  
262     0.0126543  0.0154625  0.00600001  
263     0.0126865  0.00423693  0.0072555  
264     0.00748885  0.00515275  0.00586629  
265     0.00720483  0.00402362  0.00618681  
266     0.00631734  0.00162065  0.00756484  
267     0.0138258  0.0284484  0.0062511  
268     0.00722708  0.0041717  0.007751  
269     0.00531074  0.00441362  0.00774919  
270     0.008882  0.00164102  0.00669877  
271     0.00800322  0.00375814  0.0078759  
272     0.019284  0.00513161  0.00628689  
273     0.0152393  0.00675415  0.00667094  
274     0.00788724  0.00452623  0.00781249  
275     0.005902  0.00720427  0.00694215  
276     0.0105689  0.00376119  0.00657604  
277     0.00466768  0.00190337  0.00714704  
278     0.0153647  0.00191905  0.00688822  
279     0.00706935  0.00422177  0.00714195  
280     0.00813366  0.00343995  0.00687313  
281     0.0311188  0.00902427  0.00861091  
282     0.0146398  0.0105837  0.00715012  
283     0.00690427  0.00386719  0.00744331  
284     0.0046153  0.00921567  0.00745721  
285     0.00626396  0.00695412  0.00745423  
286     0.00476359  0.00275563  0.00741555  
287     0.0143454  0.00343619  0.00791624  
288     0.0145923  0.00175098  0.00746703  
289     0.00759088  0.0121442  0.00859763  
290     0.0067534  0.00995471  0.00821609  
291     0.0088382  0.00775915  0.00858909  
292     0.006751  0.00199685  0.00848386  
293     0.00737463  0.00555741  0.0101672  
294     0.0102582  0.0039064  0.00853409  
295     0.0201369  0.0300226  0.00827542  
296     0.0111381  0.0057734  0.00803015  
297     0.0152755  0.00380173  0.00870905  
298     0.0204787  0.00581283  0.0083527  
299     0.00542638  0.0112304  0.00870641  
300     0.00836606  0.00228442  0.00905478  
301     0.00935608  0.00754429  0.00925728  
302     0.0135646  0.00410788  0.00893339  
303     0.00766197  0.0305765  0.00937763  
304     0.0153272  0.00217238  0.0102731  
305     0.00612221  0.0134483  0.0104468  
306     0.00564873  0.00466202  0.00914239  
307     0.00730738  0.010158  0.0106715  
308     0.0137497  0.020861  0.0104856  
309     0.00887494  0.00270408  0.00986709  
310     0.0120794  0.00888644  0.0111462  
311     0.00598237  0.00198835  0.0097437  
312     0.007241  0.00793282  0.00946022  
313     0.0111054  0.00765906  0.0113352  
314     0.0113288  0.00412799  0.0101937  
315     0.0292322  0.00211713  0.0116289  
316     0.0105247  0.00270749  0.00976826  
317     0.00955765  0.0053902  0.0135824  
318     0.0120153  0.00384366  0.0102823  
319     0.0141225  0.00300546  0.0105211  
320     0.00916189  0.0331409  0.0115759  
321     0.0409723  0.0375212  0.0107694  
322     0.00694217  0.00205639  0.0107792  
323     0.0324611  0.0109013  0.0122101  
324     0.00907098  0.00375345  0.0106426  
325     0.013892  0.0140608  0.0115425  
326     0.0217275  0.013424  0.0110577  
327     0.00952493  0.00344826  0.0111822  
328     0.0172909  0.0159135  0.0112624  
329     0.00665807  0.00569806  0.0151454  
330     0.014569  0.00503956  0.0114005  
331     0.0182682  0.0116764  0.0137933  
332     0.0160812  0.00943905  0.011376  
333     0.0108323  0.00915969  0.0130344  
334     0.0150707  0.00979805  0.0118096  
335     0.00932654  0.00463961  0.0120081  
336     0.00839888  0.00287541  0.0118138  
337     0.00696403  0.015498  0.012797  
338     0.0354918  0.00405001  0.012143  
339     0.00956323  0.00466883  0.0199703  
340     0.0261953  0.00206734  0.0134372  
341     0.0081405  0.00415188  0.0136542  
342     0.00802707  0.00736802  0.0144097  
343     0.00834511  0.00285587  0.0143108  
344     0.00867494  0.00318241  0.0126219  
345     0.0099253  0.00357862  0.0142536  
346     0.0198241  0.00356145  0.018333  
347     0.00720256  0.00309404  0.0130015  
348     0.0135778  0.00275846  0.0129374  
349     0.00904632  0.0023414  0.0136403  
350     0.0120427  0.00229528  0.014529  
351     0.00878689  0.00234919  0.0138807  
352     0.010319  0.00941595  0.0143952  
353     0.0109344  0.0138051  0.0139617  
354     0.012524  0.00397041  0.0148919  
355     0.0124945  0.00273831  0.0141686  
356     0.00983074  0.00549121  0.0180687  
357     0.0125239  0.00251374  0.0145486  
358     0.00832189  0.00452762  0.0147932  
359     0.0103375  0.00417456  0.0151244  
360     0.0135189  0.0088156  0.0145536  
361     0.0112808  0.00615201  0.0151996  
362     0.00914207  0.00342714  0.015283  
363     0.014707  0.00343453  0.0163394  
364     0.0172001  0.00329943  0.0147189  
365     0.0105654  0.00399089  0.0156016  
366     0.0126168  0.0194504  0.0163325  
367     0.00958136  0.00699372  0.0166436  
368     0.0206364  0.0031575  0.0155754  
369     0.0100056  0.0108894  0.0166661  
370     0.015269  0.00682801  0.0159326  
371     0.0107202  0.0040115  0.0175855  
372     0.00976033  0.0116532  0.0168582  
373     0.0157507  0.00276499  0.0173982  
374     0.0104557  0.00296449  0.0175811  
375     0.0169748  0.00444396  0.0167864  
376     0.00962035  0.0029168  0.0175094  
377     0.011069  0.0128983  0.0178678  
378     0.0106823  0.00538568  0.0168929  
379     0.0101689  0.0118068  0.0184023  
380     0.013528  0.00292449  0.0180468  
381     0.0131497  0.00558589  0.0185293  
382     0.0225188  0.0030395  0.0200761  
383     0.013266  0.00793909  0.0177055  
384     0.0197848  0.0164758  0.0173986  
385     0.0103484  0.00846679  0.0188191  
386     0.0141557  0.0285995  0.0177327  
387     0.0147789  0.0198261  0.0182212  
388     0.0242972  0.0280668  0.0180003  
389     0.011405  0.0129909  0.0186733  
390     0.0250327  0.00491778  0.0193914  
391     0.0108476  0.0134569  0.0189807  
392     0.0199167  0.00504244  0.0196555  
393     0.0337829  0.016814  0.0190065  
394     0.0205337  0.00542576  0.0212355  
395     0.0187131  0.00931633  0.0204953  
396     0.0342173  0.0157127  0.0193843  
397     0.0188719  0.0252612  0.019905  
398     0.0129685  0.0091157  0.0203707  
399     0.015778  0.00816187  0.0222408  
400     0.0139871  0.00940055  0.0215527  
401     0.0140743  0.0101627  0.0205055  
402     0.0371454  0.0463963  0.0207594  
403     0.0430649  0.0109068  0.0215005  
404     0.0272268  0.00983528  0.0224433  
405     0.070147  0.0340847  0.0213898  
406     0.0211004  0.00674936  0.0222564  
407     0.0661431  0.0411361  0.0227501  
408     0.023545  0.020787  0.0205798  
409     0.0157374  0.0452511  0.0219203  
410     0.0239843  0.00895442  0.0227568  
411     0.0164638  0.0225884  0.0217285  
412     0.0218657  0.0166858  0.0219918  
413     0.0332577  0.0141703  0.0223897  
414     0.0242584  0.00582697  0.0220227  
415     0.016185  0.00986682  0.0239813  
416     0.0171148  0.0275479  0.0233786  
417     0.0559177  0.0831128  0.0233149  
418     0.114152  0.0543542  0.0234973  
419     0.0824916  0.0592211  0.0240619  
420     0.090977  0.0903486  0.0238211  
421     0.0995467  0.100657  0.0280815  
422     0.107572  0.0704244  0.0256927  
423     0.0473921  0.0651055  0.0247907  
424     0.0684376  0.0173557  0.0248177  
425     0.0561852  0.0339909  0.0245952  
426     0.0432258  0.0484031  0.023776  
427     0.0355606  0.0167984  0.0247216  
428     0.0277501  0.0578767  0.0246053  
429     0.0491633  0.0217879  0.0254022  
430     0.0409904  0.0106235  0.0266125  
431     0.0211189  0.0215392  0.0252849  
432     0.0238312  0.0105438  0.0245281  
433     0.0206427  0.0132466  0.0252698  
434     0.025961  0.0300542  0.0253611  
435     0.0327764  0.0328146  0.0260798  
436     0.0171798  0.0130922  0.0256372  
437     0.0433827  0.00839923  0.0263503  
438     0.0291728  0.0290841  0.0262585  
439     0.0316847  0.0125727  0.0280814  
440     0.0381364  0.00859526  0.0268023  
441     0.0274953  0.0175027  0.0280066  
442     0.0285613  0.0101034  0.0273294  
443     0.0387181  0.0297993  0.0304655  
444     0.026164  0.00543929  0.0274879  
445     0.0259533  0.00959932  0.0286184  
446     0.0274903  0.0110202  0.0275065  
447     0.0251487  0.0199065  0.0280069  
448     0.0184031  0.00729807  0.0272992  
449     0.0273657  0.0160158  0.0282574  
450     0.0351861  0.00581712  0.0285291  
451     0.0250247  0.0126097  0.0313526  
452     0.0358726  0.00907367  0.0286829  
453     0.0269553  0.008389  0.0287007  
454     0.0445121  0.00524669  0.0290215  
455     0.0257701  0.0105423  0.0293515  
456     0.03077  0.0176315  0.0288183  
457     0.0159931  0.0134624  0.0303699  
458     0.038577  0.0161814  0.0296742  
459     0.040883  0.0430186  0.0301143  
460     0.0416358  0.0545229  0.030823  
461     0.0455131  0.0535  0.0304703  
462     0.0255793  0.0335379  0.0305844  
463     0.0223096  0.0105547  0.0310321  
464     0.0276724  0.00633676  0.0301377  
465     0.0257985  0.0314324  0.0315797  
466     0.0742038  0.0196695  0.0336434  
467     0.0488024  0.0163277  0.0335268  
468     0.0482638  0.0181055  0.0315833  
469     0.101685  0.0323901  0.0321604  
470     0.0658303  0.0695684  0.0327241  
471     0.0440243  0.0126158  0.0332013  
472     0.0760353  0.0286059  0.0317616  
473     0.061946  0.0555671  0.0336781  
474     0.0466533  0.0245297  0.0343679  
475     0.0331413  0.0148033  0.0338018  
476     0.0368329  0.0253468  0.0333337  
477     0.0767581  0.0292502  0.0443768  
478     0.0566325  0.011536  0.0362592  
479     0.0297722  0.0156944  0.0337981  
480     0.0233307  0.0200473  0.0347418  
481     0.0226441  0.0100049  0.035736  
482     0.0502045  0.0335023  0.0348676  
483     0.0218681  0.0237391  0.0350827  
484     0.0274138  0.0637489  0.0346235  
485     0.0329873  0.0120029  0.0357271  
486     0.0254825  0.0231503  0.0348622  
487     0.0321084  0.0154743  0.0365565  
488     0.0604801  0.0299069  0.0351278  
489     0.0341765  0.0336009  0.0363661  
490     0.0479141  0.0266287  0.0392917  
491     0.0772623  0.0284566  0.0370384  
492     0.0553655  0.0603052  0.0380341  
493     0.0730533  0.0381661  0.0376089  
494     0.0438861  0.0552428  0.0373144  
495     0.0570822  0.040133  0.0376811  
496     0.0426526  0.0306683  0.0374952  
497     0.0360717  0.0203293  0.0387784  
498     0.0386921  0.0320495  0.0378148  
499     0.04752  0.0241409  0.0386861  
500     0.0592207  0.0729933  0.0374742  
501     0.107584  0.0262416  0.0398059  
502     0.0504013  0.0175031  0.04244  
503     0.124181  0.105566  0.041584  
504     0.0584141  0.02587  0.039279  
505     0.0492058  0.0852076  0.0432119  
506     0.0561187  0.0510013  0.0394392  
507     0.043984  0.039884  0.0410377  
508     0.094058  0.0698318  0.0414769  
509     0.0396484  0.0361016  0.0412825  
510     0.0643641  0.0577925  0.0446003  
511     0.0687277  0.0494089  0.0429877  
512     0.0507764  0.0243871  0.0479384  
513     0.0559979  0.0589078  0.0429037  
514     0.0941249  0.0517699  0.0411902  
515     0.0417133  0.0183695  0.0420844  
516     0.0794773  0.0423033  0.0417906  
517     0.0527338  0.0427248  0.0426208  
518     0.0344377  0.0180455  0.0420649  
519     0.0564606  0.0332994  0.0430965  
520     0.0350166  0.0474014  0.051116  
521     0.0297547  0.0301617  0.0434678  
522     0.0334913  0.0168533  0.0433003  
523     0.0267859  0.0159093  0.0448672  
524     0.0376554  0.0249749  0.0428643  
525     0.0397398  0.0157078  0.0443951  
526     0.0429833  0.0157714  0.0439366  
527     0.0643976  0.0215192  0.0494167  
528     0.0941782  0.0313742  0.044576  
529     0.0778686  0.0214831  0.0459648  
530     0.0365685  0.0229444  0.0457877  
531     0.0495916  0.0462806  0.0463504  
532     0.0875393  0.0233612  0.0453973  
533     0.0369334  0.0237093  0.0462497  
534     0.0444103  0.033311  0.0468264  
535     0.0360918  0.0452151  0.0474232  
536     0.049832  0.0327551  0.0464939  
537     0.0468941  0.0140361  0.0471162  
538     0.0836261  0.0619889  0.0514184  
539     0.0539208  0.0395206  0.0487631  
540     0.0658931  0.0723301  0.047876  
541     0.109889  0.0192663  0.0485335  
542     0.0455709  0.0438992  0.0487078  
543     0.0490862  0.0213404  0.0523468  
544     0.0556212  0.0285746  0.0502217  
545     0.0629077  0.0630818  0.0498724  
546     0.048556  0.0501382  0.0499788  
547     0.074208  0.0491457  0.0502532  
548     0.0454827  0.045308  0.0537761  
549     0.0593589  0.0341826  0.0510941  
550     0.0961067  0.0217274  0.0500407  
551     0.0673574  0.0255849  0.0516787  
552     0.0554212  0.0591059  0.0518229  
553     0.0709081  0.0672961  0.0532027  
554     0.07993  0.0417081  0.0515925  
555     0.0564507  0.0325463  0.0548461  
556     0.0893474  0.0196913  0.0534158  
557     0.0913882  0.0246902  0.0525429  
558     0.0509708  0.0430985  0.0561017  
559     0.0715174  0.0323348  0.0594092  
560     0.0707039  0.0279249  0.0541778  
561     0.0617143  0.0460996  0.055947  
562     0.0520819  0.0434018  0.0535595  
563     0.0642069  0.0405795  0.0559916  
564     0.0548535  0.025021  0.0543727  
565     0.0464482  0.0296842  0.0546768  
566     0.057164  0.0606584  0.0589754  
567     0.0689199  0.0252564  0.0560982  
568     0.0346388  0.0276286  0.0547763  
569     0.118485  0.0802884  0.0562347  
570     0.0638755  0.0330396  0.0563111  
571     0.0458567  0.0448092  0.058447  
572     0.137615  0.0227347  0.057381  
573     0.0644295  0.0295333  0.0575995  
574     0.0416087  0.0349248  0.0577531  
575     0.0493494  0.0408967  0.0725251  
576     0.0479992  0.0242444  0.0572655  
577     0.054951  0.0372699  0.0591739  
578     0.0430364  0.0393714  0.0580672  
579     0.0729838  0.0209448  0.0596808  
580     0.0544565  0.0269485  0.0576805  
581     0.053786  0.0550237  0.0619734  
582     0.0405144  0.0295316  0.0599359  
583     0.0442861  0.0422746  0.0638477  
584     0.0618067  0.037155  0.0588355  
585     0.0686984  0.0228111  0.0637107  
586     0.0929329  0.060375  0.0599732  
587     0.0639349  0.0313317  0.0672658  
588     0.0712336  0.0288523  0.0622229  
589     0.119036  0.0289428  0.0627557  
590     0.053899  0.0282154  0.0630608  
591     0.0782937  0.0376905  0.0631042  
592     0.0753002  0.030816  0.0624533  
593     0.0719911  0.0262856  0.0630559  
594     0.0704807  0.0500141  0.0633439  
595     0.092904  0.0437492  0.0639231  
596     0.0522  0.0266244  0.0658863  
597     0.0844214  0.0434098  0.0649039  
598     0.0658143  0.0416417  0.0637434  
599     0.0836954  0.0540187  0.0676476  
600     0.0901258  0.0192595  0.0657152  
601     0.0600068  0.0327208  0.0683839  
602     0.0974417  0.0372085  0.0658424  
603     0.069344  0.0529665  0.0706626  
604     0.109234  0.0804177  0.0645686  
605     0.0729902  0.0647454  0.0714493  
606     0.0926645  0.0921851  0.0708499  
607     0.125374  0.0607344  0.0749502  
608     0.103724  0.0520312  0.0666149  
609     0.0668699  0.100886  0.0715321  
610     0.104882  0.0665428  0.0701605  
611     0.0581947  0.0444094  0.0686781  
612     0.0622136  0.049587  0.0686355  
613     0.121034  0.0428339  0.0705564  
614     0.039265  0.0394702  0.0698159  
615     0.0483661  0.0417881  0.0700096  
616     0.0493296  0.0404228  0.0686785  
617     0.0601419  0.0527916  0.0726442  
618     0.0575053  0.0338618  0.0710031  
619     0.0511143  0.0309399  0.0723681  
620     0.0959449  0.0212971  0.0714444  
621     0.0545327  0.0229401  0.0720702  
622     0.0699864  0.0289764  0.0726772  
623     0.0571467  0.0227058  0.0724833  
624     0.0831429  0.0217367  0.0713706  
625     0.0784922  0.0582565  0.073343  
626     0.0816747  0.0267014  0.0756619  
627     0.0650085  0.0224745  0.0743785  
628     0.070425  0.0260108  0.0723233  
629     0.0618866  0.0225124  0.0744863  
630     0.0660019  0.0858866  0.0758833  
631     0.0435032  0.0322044  0.0755135  
632     0.0611292  0.0524949  0.0756432  
633     0.0815357  0.0831832  0.0811047  
634     0.126517  0.039458  0.0774628  
635     0.0677446  0.0691635  0.0765298  
636     0.0737773  0.0461702  0.0748998  
637     0.0651157  0.031723  0.0792096  
638     0.0725294  0.022118  0.0786477  
639     0.0848234  0.0232071  0.0798543  
640     0.0538471  0.0291541  0.0820948  
641     0.0451249  0.0242273  0.0806918  
642     0.0517906  0.0248724  0.0790554  
643     0.0479449  0.0527972  0.0834674  
644     0.0555449  0.0561043  0.0793985  
645     0.0587398  0.0272436  0.0816018  
646     0.0598486  0.0459121  0.0796995  
647     0.0770441  0.0330567  0.0819698  
648     0.0489409  0.0360275  0.0815885  
649     0.0900121  0.0387324  0.0837576  
650     0.0552478  0.0511822  0.0855384  
651     0.0888603  0.0452922  0.0833275  
652     0.0635517  0.0320704  0.0832675  
653     0.065467  0.0289612  0.0859487  
654     0.088517  0.0532436  0.0834345  
655     0.0590934  0.0230312  0.084352  
656     0.0575308  0.0697865  0.0832885  
657     0.0895307  0.0310017  0.0844981  
658     0.091707  0.0717066  0.085832  
659     0.0637928  0.0378596  0.0851308  
660     0.0597309  0.030775  0.0874278  
661     0.0631537  0.022213  0.0885477  
662     0.0653653  0.0372335  0.0894307  
663     0.0672751  0.0402832  0.0876373  
664     0.049223  0.0616197  0.085439  
665     0.0771599  0.0831368  0.0898285  
666     0.0673331  0.03887  0.0870717  
667     0.0751972  0.0247654  0.0893612  
668     0.0682398  0.0259742  0.0916418  
669     0.0661741  0.0353281  0.092245  
670     0.0616236  0.0267814  0.0887223  
671     0.0601799  0.0283612  0.0918474  
672     0.062363  0.0631444  0.0899018  
673     0.0701216  0.0352704  0.0947647  
674     0.0854631  0.0409023  0.0968495  
675     0.125073  0.0449818  0.0936643  
676     0.0566888  0.0574647  0.0917134  
677     0.118801  0.0778077  0.0947792  
678     0.0721517  0.0462095  0.0974837  
679     0.0851975  0.0443651  0.0950264  
680     0.0796585  0.0451995  0.0928053  
681     0.113402  0.0600323  0.100168  
682     0.105585  0.053749  0.0940997  
683     0.0641706  0.0642771  0.0958415  
684     0.088559  0.0325713  0.094344  
685     0.0558226  0.0492203  0.0989866  
686     0.0837107  0.0371334  0.0994102  
687     0.0780585  0.0805957  0.0973124  
688     0.0720196  0.0333859  0.0959691  
689     0.0588382  0.0333162  0.0997299  
690     0.05553  0.0240568  0.0974993  
691     0.0592472  0.0390435  0.100107  
692     0.0601908  0.0235132  0.0993542  
693     0.076206  0.0412756  0.112889  
694     0.0788629  0.0262289  0.099389  
695     0.0933269  0.0350951  0.100534  
696     0.0825091  0.046201  0.0999854  
697     0.0773864  0.0241896  0.106788  
698     0.108301  0.0726667  0.102966  
699     0.0569581  0.0299939  0.103886  
700     0.0953394  0.0501196  0.10958  
701     0.0731407  0.0298515  0.105001  
702     0.0634862  0.0488652  0.113995  
703     0.0756584  0.0511853  0.103845  
704     0.096163  0.0607822  0.107983  
705     0.0786507  0.0466331  0.103806  
706     0.0625096  0.0321378  0.104415  
707     0.124611  0.0385157  0.10561  
708     0.075699  0.0349354  0.10756  
709     0.0976981  0.0796061  0.107173  
710     0.100416  0.0931197  0.110352  
711     0.0978263  0.0518993  0.108976  
712     0.0946714  0.0674489  0.107787  
713     0.0943541  0.044469  0.10905  
714     0.0826299  0.0340527  0.11208  
715     0.07502  0.0286345  0.109879  
716     0.0705078  0.0507403  0.111873  
717     0.083625  0.0467689  0.110752  
718     0.099946  0.0398779  0.113175  
719     0.0882327  0.0489333  0.117245  
720     0.0709326  0.0455386  0.108664  
721     0.123526  0.0576304  0.116837  
722     0.0693616  0.0587209  0.117289  
723     0.0649901  0.0297363  0.112274  
724     0.0742795  0.030048  0.11182  
725     0.0650241  0.0284049  0.113156  
726     0.0599628  0.0357462  0.112379  
727     0.077045  0.0289556  0.116711  
728     0.0668757  0.0370537  0.113435  
729     0.0615703  0.0367124  0.115299  
730     0.0641175  0.0251978  0.116725  
731     0.0772541  0.0480159  0.123527  
732     0.0748464  0.0399829  0.117859  
733     0.0631159  0.0266031  0.117455  
734     0.0865906  0.0257525  0.116922  
735     0.0910594  0.0267741  0.11741  
736     0.0881326  0.0541445  0.118378  
737     0.10547  0.0429421  0.119168  
738     0.0685301  0.037712  0.122765  
739     0.0634332  0.0394067  0.13192  
740     0.0735123  0.0645914  0.120664  
741     0.141474  0.0913183  0.123671  
742     0.0945242  0.0502571  0.121984  
743     0.148287  0.0638729  0.125733  
744     0.127807  0.0596771  0.122469  
745     0.116457  0.033786  0.126002  
746     0.0778959  0.0858784  0.128705  
747     0.168553  0.125428  0.14749  
748     0.0844293  0.0377444  0.125102  
749     0.115359  0.104522  0.138062  
750     0.0814678  0.0433864  0.131957  
751     0.111743  0.040214  0.130411  
752     0.0733911  0.0898922  0.125274  
753     0.0948501  0.0515188  0.127259  
754     0.0907269  0.0586841  0.134549  
755     0.119179  0.085855  0.135127  
756     0.0976845  0.0527451  0.127875  
757     0.104457  0.0353688  0.133345  
758     0.125847  0.0701505  0.130891  
759     0.146026  0.0822469  0.138079  
760     0.102363  0.105006  0.129445  
761     0.104804  0.0610728  0.143815  
762     0.106252  0.0455204  0.130679  
763     0.0809044  0.0588526  0.131715  
764     0.111862  0.0599483  0.129191  
765     0.108238  0.0260619  0.137602  
766     0.0972761  0.0346477  0.134029  
767     0.0977895  0.0337544  0.134195  
768     0.0840146  0.0384355  0.135683  
769     0.0807203  0.0493749  0.138412  
770     0.0723557  0.0654594  0.135769  
771     0.130299  0.0703467  0.150559  
772     0.0961402  0.0411815  0.136463  
773     0.0914142  0.0490276  0.136898  
774     0.104491  0.0300214  0.139335  
775     0.100681  0.0586102  0.141612  
776     0.10936  0.0281788  0.144852  
777     0.0962155  0.0329176  0.139408  
778     0.110701  0.0716783  0.140781  
779     0.118285  0.0757814  0.144347  
780     0.0856026  0.0250597  0.141248  
781     0.107439  0.0427481  0.143217  
782     0.0843358  0.0475016  0.142229  
783     0.0995738  0.0335644  0.146119  
784     0.0850613  0.041429  0.148339  
785     0.0809921  0.0403175  0.152829  
786     0.128871  0.0681425  0.149466  
787     0.111064  0.0895621  0.159115  
788     0.135699  0.0929257  0.16636  
789     0.0808093  0.0886635  0.167767  
790     0.0794613  0.0429756  0.172254  
791     0.08615  0.036195  0.150629  
792     0.0758435  0.02109  0.149723  
793     0.120415  0.0522125  0.155899  
794     0.0770617  0.093763  0.150613  
795     0.0697387  0.0437543  0.151481  
796     0.117549  0.0524737  0.149305  
797     0.105388  0.096717  0.153547  
798     0.128078  0.0582136  0.153171  
799     0.113048  0.0377393  0.16135  
800     0.0944068  0.0834557  0.157679  
801     0.0810811  0.0420361  0.162596  
802     0.0957165  0.0476059  0.157131  
803     0.092555  0.0358512  0.178095  
804     0.0783046  0.0435534  0.156406  
805     0.129515  0.0710598  0.165388  
806     0.107985  0.0522339  0.162038  
807     0.133142  0.0584009  0.172343  
808     0.081893  0.0343408  0.156218  
809     0.0861804  0.0276205  0.160284  
810     0.0814434  0.0291901  0.163718  
811     0.0974166  0.0419586  0.162958  
812     0.118754  0.0478401  0.160459  
813     0.0982271  0.0353929  0.164838  
814     0.0950738  0.0373168  0.164415  
815     0.0827806  0.0413483  0.160154  
816     0.0855864  0.0309252  0.159659  
817     0.110791  0.0688312  0.180121  
818     0.090862  0.0322869  0.193363  
819     0.132145  0.0403802  0.162566  
820     0.145183  0.0571449  0.171879  
821     0.103019  0.0627661  0.16707  
822     0.120436  0.056732  0.168688  
823     0.0972775  0.112924  0.187422  
824     0.146154  0.0526195  0.163685  
825     0.164709  0.0939396  0.175316  
826     0.106161  0.0612709  0.167377  
827     0.140788  0.0759199  0.175646  
828     0.158803  0.0448884  0.171045  
829     0.119166  0.0641772  0.181017  
830     0.0920996  0.0624636  0.172923  
831     0.0978897  0.0469496  0.178497  
832     0.132057  0.0764762  0.171504  
833     0.0962149  0.0564301  0.193192  
834     0.108235  0.0313586  0.224513  
835     0.105514  0.0335405  0.177646  
836     0.146935  0.0734951  0.199263  
837     0.101683  0.0298172  0.180722  
838     0.0826948  0.0294285  0.178108  
839     0.103063  0.0379854  0.186335  
840     0.113942  0.0328922  0.177942  
841     0.0889479  0.0324735  0.177373  
842     0.157608  0.0374382  0.176312  
843     0.0891532  0.0327622  0.189203  
844     0.0890489  0.0597473  0.183709  
845     0.101382  0.0374202  0.225345  
846     0.0924295  0.0429566  0.190193  
847     0.102756  0.0387214  0.189751  
848     0.0947486  0.0543067  0.197038  
849     0.107829  0.0503824  0.193496  
850     0.0956758  0.0489384  0.195915  
851     0.0894837  0.0390698  0.186883  
852     0.106154  0.086285  0.187232  
853     0.105008  0.0510377  0.193368  
854     0.114075  0.0553215  0.185951  
855     0.123254  0.057785  0.211769  
856     0.116262  0.068882  0.19956  
857     0.137062  0.0581739  0.19215  
858     0.0948359  0.0346713  0.201074  
859     0.147231  0.0582696  0.219646  
860     0.0962103  0.0297969  0.203985  
861     0.100487  0.0687546  0.203816  
862     0.100476  0.0548479  0.19822  
863     0.102284  0.041319  0.194163  
864     0.106597  0.0814713  0.192656  
865     0.125489  0.0672535  0.20175  
866     0.117676  0.0423931  0.20511  
867     0.109683  0.0605505  0.217429  
868     0.127528  0.0627198  0.204887  
869     0.156932  0.048888  0.207964  
870     0.091603  0.0708676  0.206292  
871     0.103802  0.083881  0.209086  
872     0.209842  0.0668859  0.229142  
873     0.129138  0.0616345  0.21004  
874     0.132171  0.111273  0.252493  
875     0.137277  0.0540889  0.221192  
876     0.104181  0.0689643  0.210613  
877     0.138448  0.0618542  0.219803  
878     0.17537  0.0436523  0.211639  
879     0.164401  0.0587883  0.229576  
880     0.166018  0.059732  0.215079  
881     0.139911  0.0800529  0.225257  
882     0.146071  0.0890451  0.204817  
883     0.123754  0.0478924  0.214417  
884     0.116204  0.0687832  0.213086  
885     0.110497  0.0833579  0.233165  
886     0.113074  0.0474884  0.218757  
887     0.120724  0.121719  0.223058  
888     0.109585  0.0774214  0.225964  
889     0.130115  0.0620242  0.236359  
890     0.107735  0.0428593  0.228602  
891     0.142507  0.0538013  0.234987  
892     0.127747  0.0563748  0.223446  
893     0.127263  0.0359168  0.231495  
894     0.125436  0.0351567  0.229644  
895     0.129822  0.0656842  0.251783  
896     0.136272  0.0407489  0.236705  
897     0.139779  0.0562385  0.236892  
898     0.111574  0.0477195  0.240927  
899     0.118632  0.0465223  0.23923  
900     0.0971609  0.023097  0.238067  
901     0.104149  0.0403185  0.248738  
902     0.135833  0.0349758  0.242574  
903     0.142975  0.0513579  0.23936  
904     0.135173  0.0612721  0.232176  
905     0.102968  0.0312019  0.248461  
906     0.113523  0.0469788  0.236487  
907     0.110078  0.0459294  0.244255  
908     0.119612  0.0519559  0.241296  
909     0.126037  0.0880924  0.265155  
910     0.134958  0.0966805  0.238634  
911     0.136222  0.0536454  0.245136  
912     0.131792  0.0349244  0.258799  
913     0.140967  0.0824461  0.249488  
914     0.161908  0.106583  0.263149  
915     0.172775  0.0868437  0.255535  
916     0.130757  0.0332804  0.260582  
917     0.131975  0.102768  0.302184  
918     0.134654  0.0803174  0.261522  
919     0.142591  0.0437088  0.258788  
920     0.122194  0.0355964  0.255857  
921     0.137444  0.0346228  0.242251  
922     0.136701  0.0369426  0.25419  
923     0.147286  0.0318516  0.256338  
924     0.112192  0.0419493  0.252816  
925     0.147085  0.128901  0.250374  
926     0.110272  0.0421929  0.245796  
927     0.138925  0.0457341  0.258955  
928     0.126618  0.0343238  0.263992  
929     0.112237  0.0471922  0.254435  
930     0.116228  0.0493624  0.265652  
931     0.111014  0.0585042  0.278503  
932     0.137713  0.039335  0.270836  
933     0.130321  0.0510391  0.286247  
934     0.114954  0.0398748  0.282596  
935     0.122199  0.0631986  0.265474  
936     0.119406  0.0449808  0.268736  
937     0.128074  0.0555618  0.280421  
938     0.131596  0.0404176  0.272882  
939     0.123846  0.0446682  0.270625  
940     0.131807  0.046488  0.277239  
941     0.119695  0.0379214  0.269213  
942     0.168791  0.0323611  0.270581  
943     0.194672  0.0470809  0.295434  
944     0.168711  0.0456395  0.281115  
945     0.170515  0.0343609  0.284388  
946     0.144396  0.0595666  0.305154  
947     0.111932  0.0836812  0.295153  
948     0.147884  0.0636695  0.278399  
949     0.194114  0.0579666  0.293088  
950     0.193377  0.112467  0.280631  
951     0.161806  0.12195  0.342123  
952     0.163688  0.0577118  0.300448  
953     0.159762  0.082354  0.313067  
954     0.196218  0.0838792  0.30188  
955     0.146396  0.0730328  0.310295  
956     0.146205  0.0670453  0.310976  
957     0.135715  0.0653503  0.285419  
958     0.118092  0.051411  0.311749  
959     0.220355  0.0406358  0.322158  
960     0.137555  0.0587972  0.30161  
961     0.149673  0.0675543  0.317838  
962     0.137002  0.0447442  0.311671  
963     0.160681  0.0818356  0.347934  
964     0.202989  0.0328051  0.329489  
965     0.133924  0.0634747  0.332902  
966     0.143091  0.0834005  0.34349  
967     0.141089  0.0479917  0.316066  
968     0.126055  0.0698653  0.300681  
969     0.135913  0.0504919  0.315031  
970     0.143873  0.0483828  0.303048  
971     0.139777  0.0569824  0.355935  
972     0.122359  0.0517201  0.354151  
973     0.120538  0.0377671  0.312895  
974     0.119623  0.0344728  0.332165  
975     0.13087  0.0414328  0.295984  
976     0.12145  0.0430543  0.311612  
977     0.120403  0.0406772  0.323206  
978     0.121004  0.0411681  0.307618  
979     0.149955  0.0394625  0.312552  
980     0.128055  0.0325946  0.309977  
981     0.133387  0.0477262  0.315395  
982     0.130494  0.0615608  0.358284  
983     0.132941  0.0810759  0.357953  
984     0.183534  0.0365427  0.34702  
985     0.178861  0.092774  0.350242  
986     0.194898  0.0625735  0.371258  
987     0.152726  0.0851169  0.406847  
988     0.20342  0.0421586  0.359073  
989     0.183532  0.0416085  0.362223  
990     0.166397  0.0854927  0.375252  
991     0.160849  0.107857  0.353859  
992     0.163186  0.0606285  0.390467  
993     0.18998  0.0563191  0.359239  
994     0.17746  0.0428636  0.327395  
995     0.157457  0.0609545  0.363478  
996     0.13573  0.0669163  0.324433  
997     0.149574  0.0631532  0.380762  
998     0.149104  0.0510137  0.357034  
999     0.153492  0.0422451  0.380779  
1000     0.150179  0.0653075  0.373466  
