#N,1,2,3
1 2.6e-06 1.49e-05 2.2e-06
2 3.7e-06 1.81e-05 4e-06
3 4.8e-06 2.15e-05 5.6e-06
4 6.1e-06 2.55e-05 7.5e-06
5 7.5e-06 3.05e-05 9.8e-06
6 9.2e-06 3.61e-05 1.22e-05
7 2.61e-05 4.29e-05 1.5e-05
8 2.81e-05 5.02e-05 1.8e-05
9 3.04e-05 5.94e-05 2.22e-05
10 3.29e-05 6.9e-05 2.62e-05
11 3.61e-05 8.1e-05 3.06e-05
12 4.01e-05 9.37e-05 3.53e-05
13 4.37e-05 0.0001085 4.08e-05
14 4.78e-05 0.0001242 4.65e-05
15 5.21e-05 0.0001419 5.3e-05
16 5.69e-05 0.000159 5.94e-05
17 6.2e-05 0.0001876 6.77e-05
18 6.8e-05 0.0002135 7.62e-05
19 7.42e-05 0.0002408 8.59e-05
20 8.11e-05 0.0002666 9.48e-05
21 8.85e-05 0.0002978 0.0001058
22 9.65e-05 0.0003293 0.0001165
23 0.000105 0.0003744 0.0001285
24 0.0001143 0.0004068 0.0001397
25 0.000124 0.000445 0.0001529
26 0.0001346 0.0004851 0.0001667
27 0.0001459 0.0005283 0.0001817
28 0.0001577 0.0005697 0.0001956
29 0.0001706 0.0006171 0.0002122
30 0.0001844 0.0006653 0.0002284
31 0.0001989 0.0007159 0.0002464
32 0.000214 0.0007658 0.0002634
33 0.00023 0.0008226 0.000283
34 0.0002472 0.0008829 0.0003033
35 0.0002656 0.0009605 0.0003256
36 0.0002844 0.0010219 0.0003464
37 0.0003045 0.0010913 0.0003702
38 0.0003253 0.0011612 0.0003939
39 0.0003477 0.0012352 0.0004193
40 0.0003706 0.0013065 0.0004432
41 0.0003945 0.0013864 0.0004704
42 0.0004198 0.0014698 0.0004982
43 0.0004459 0.0015814 0.000529
44 0.0004734 0.0016666 0.0005573
45 0.0005026 0.0017607 0.0005891
46 0.0005325 0.0018578 0.0006214
47 0.0005642 0.0019582 0.0006557
48 0.0005963 0.0020552 0.0006883
49 0.0006305 0.0021703 0.0007245
50 0.0006657 0.0022821 0.0007613
51 0.000703 0.0023994 0.0008011
52 0.0007406 0.0025098 0.0008375
53 0.0007794 0.0026341 0.0008792
54 0.0008198 0.0027796 0.0009214
55 0.0008615 0.002912 0.0009662
56 0.0009048 0.0030397 0.0010086
57 0.0009493 0.0031806 0.0010555
58 0.0009957 0.0033369 0.0011094
59 0.0010435 0.003491 0.0011611
60 0.0010945 0.0036356 0.0012085
61 0.0011456 0.0037991 0.0012624
62 0.0012003 0.0039953 0.0013164
63 0.0012552 0.0041668 0.0013728
64 0.0013113 0.0043319 0.0014274
65 0.0013705 0.0045113 0.001496
66 0.0014303 0.0046959 0.0015565
67 0.0014914 0.0048878 0.0016206
68 0.0015565 0.005071 0.0016813
69 0.0016317 0.0052722 0.0017487
70 0.0017008 0.0054762 0.0018156
71 0.0017691 0.0056885 0.001896
72 0.0018399 0.0058898 0.0019622
73 0.0019122 0.0061196 0.0020388
74 0.0019867 0.0063819 0.0021149
75 0.0020659 0.0066242 0.0021958
76 0.0021446 0.0068507 0.00228
77 0.002225 0.0071062 0.0023628
78 0.0023073 0.0073588 0.0024461
79 0.0023942 0.0076312 0.0025334
80 0.0024834 0.0078894 0.0026184
81 0.002572 0.0081711 0.0027093
82 0.0026656 0.0084517 0.0028016
83 0.0027584 0.0087546 0.0028995
84 0.0028536 0.009032 0.0029908
85 0.002951 0.0093467 0.0030933
86 0.0030508 0.0096543 0.0031946
87 0.0031559 0.0100108 0.0033031
88 0.0032606 0.0103192 0.0034045
89 0.0033702 0.0106639 0.0035158
90 0.0034794 0.0110024 0.0036268
91 0.0036007 0.0113545 0.0037441
92 0.0037181 0.0116884 0.0038603
93 0.0038378 0.0120593 0.0039831
94 0.0039603 0.0124417 0.0041052
95 0.0040814 0.0128265 0.0042329
96 0.004205 0.0132037 0.0043565
97 0.0043311 0.0136132 0.0044891
98 0.0044601 0.01402 0.0046228
99 0.0045969 0.0144402 0.0047627
100 0.0047308 0.0148637 0.0048941
101 0.0048675 0.015301 0.0050458
102 0.0050114 0.0157472 0.0051927
103 0.0051746 0.0162198 0.0053466
104 0.0053242 0.016669 0.0054908
105 0.0054763 0.0171758 0.0056519
106 0.0056268 0.0176738 0.005827
107 0.0057796 0.0181814 0.0059991
108 0.0059642 0.0186619 0.0061562
109 0.0061227 0.0191947 0.0063278
110 0.0062845 0.0197474 0.0064995
111 0.0064545 0.0202974 0.0066789
112 0.0066223 0.0208279 0.0068496
113 0.0067925 0.0213942 0.0070347
114 0.006966 0.0219715 0.0072578
115 0.0071428 0.0225553 0.0074609
116 0.0073227 0.02311 0.0076518
117 0.0075109 0.0237127 0.007859
118 0.007697 0.0243224 0.008068
119 0.0078857 0.0249501 0.008283
120 0.0080774 0.0255631 0.0085146
121 0.008279 0.0262224 0.0087296
122 0.0084843 0.0268922 0.0089471
123 0.008686 0.0275814 0.0091731
124 0.0088976 0.0282588 0.0093842
125 0.009106 0.0289684 0.0096159
126 0.0093177 0.0296807 0.0098469
127 0.0095382 0.0304077 0.0101187
128 0.0097641 0.0312411 0.0103891
129 0.0099856 0.0319873 0.0106317
130 0.0102178 0.0327342 0.0108734
131 0.010473 0.0335035 0.0111355
132 0.0107052 0.0342649 0.0113742
133 0.0109486 0.035061 0.0116333
134 0.0112113 0.0358435 0.011896
135 0.0114539 0.0366758 0.0121675
136 0.0117077 0.0374643 0.0124212
137 0.0119847 0.0383101 0.01271
138 0.012238 0.0391542 0.0129838
139 0.0125033 0.0400279 0.0132874
140 0.0127796 0.0408573 0.0135559
141 0.0130443 0.0417598 0.0138499
142 0.0133271 0.0426855 0.0141421
143 0.0135994 0.0436211 0.014447
144 0.0138971 0.0445053 0.0147326
145 0.0141767 0.0458298 0.0152329
146 0.0146614 0.0472887 0.0157204
147 0.0151519 0.0487939 0.0162286
148 0.0156301 0.0502004 0.0166963
149 0.016117 0.0517188 0.0172095
150 0.0166086 0.0532431 0.0177193
151 0.0171077 0.0548347 0.0182555
152 0.017632 0.0563286 0.0187559
153 0.0181436 0.0579353 0.0192943
154 0.0186633 0.0595422 0.0198354
155 0.0191874 0.0612249 0.0203812
156 0.0195115 0.0622971 0.0207242
157 0.0198493 0.0634391 0.0210965
158 0.02019 0.0645904 0.0214704
159 0.0205349 0.065779 0.0218593
160 0.0208745 0.0669618 0.0222403
161 0.0212184 0.0681812 0.0226364
162 0.0215667 0.069407 0.0230312
163 0.0219193 0.0707363 0.0234447
164 0.0222765 0.0719251 0.0238282
165 0.0226379 0.0732115 0.0242448
166 0.0230037 0.0744995 0.0246575
167 0.0233824 0.0758286 0.0250945
168 0.0237681 0.0770876 0.0255041
169 0.0241557 0.0784358 0.0259551
170 0.0245511 0.0798578 0.0264466
171 0.0249512 0.0814792 0.0269714
172 0.0253624 0.0828095 0.0274129
173 0.0257593 0.0842556 0.027906
174 0.0261737 0.0856983 0.0283733
175 0.0266005 0.0871766 0.028867
176 0.0270112 0.0886097 0.0293322
177 0.0274264 0.0901307 0.0298286
178 0.027853 0.0916963 0.0303362
179 0.0282915 0.0932731 0.0308582
180 0.0287215 0.0947461 0.0313471
181 0.0291558 0.0963624 0.0318738
182 0.0295951 0.0979709 0.0323921
183 0.0300474 0.0996349 0.0329484
184 0.0304962 0.101255 0.0334568
185 0.0309706 0.102937 0.0340049
186 0.0314361 0.104625 0.0345886
187 0.0319 0.106441 0.0351684
188 0.0323756 0.108128 0.0356979
189 0.0331126 0.110856 0.036606
190 0.0339108 0.113544 0.0375061
191 0.0346661 0.116312 0.0384353
192 0.0354386 0.119191 0.0393953
193 0.0362281 0.122065 0.0403443
194 0.0370022 0.124911 0.0412886
195 0.0377985 0.127938 0.0423039
196 0.0385885 0.130713 0.0432245
197 0.0393811 0.133107 0.0438913
198 0.0399169 0.135083 0.0445494
199 0.0404584 0.137114 0.0452115
200 0.0410069 0.139095 0.0461837
201 0.041828 0.142172 0.047259
202 0.0426914 0.144947 0.0479541
203 0.0432668 0.147052 0.0486429
204 0.0438688 0.14907 0.0493058
205 0.0444251 0.151405 0.0500628
206 0.0450124 0.1536 0.0507905
207 0.0456114 0.155855 0.0515159
208 0.0461973 0.158035 0.0522234
209 0.0467895 0.161469 0.0533703
210 0.0477229 0.164954 0.0545174
211 0.0486155 0.167293 0.0553065
212 0.0492107 0.169534 0.0560243
213 0.0498445 0.171879 0.0568172
214 0.0504813 0.174297 0.0576084
215 0.0511133 0.176756 0.0584073
216 0.0517304 0.179113 0.0592041
217 0.0523536 0.181698 0.0600359
218 0.0529828 0.184201 0.0608589
219 0.0536179 0.186794 0.0616977
220 0.0542582 0.189192 0.0625001
221 0.0549047 0.191808 0.0633648
222 0.0555568 0.194399 0.0642495
223 0.0562554 0.198424 0.0656014
224 0.0572934 0.202543 0.0669647
225 0.0580056 0.205269 0.0678956
226 0.0587007 0.207955 0.0687993
227 0.0594061 0.210746 0.069735
228 0.0600943 0.213402 0.0705909
229 0.0608138 0.216226 0.0715292
230 0.0615333 0.219062 0.0724639
231 0.0622776 0.221952 0.0734068
232 0.0629917 0.224705 0.074297
233 0.0637426 0.228215 0.0757906
234 0.0648962 0.232699 0.0772892
235 0.0660388 0.237327 0.0788201
236 0.0672166 0.241723 0.0798155
237 0.0679829 0.244784 0.0808118
238 0.0687316 0.247827 0.0818051
239 0.0694994 0.251136 0.0829144
240 0.0702851 0.254231 0.0839225
241 0.071061 0.257638 0.0850376
242 0.0718876 0.260779 0.0860656
243 0.0727044 0.264033 0.0871399
244 0.0735237 0.267153 0.0881781
245 0.074326 0.270472 0.0892641
246 0.0751547 0.273722 0.0903537
247 0.0759903 0.277166 0.0914712
248 0.0768112 0.280416 0.0925389
249 0.0776573 0.283853 0.093691
250 0.0784915 0.287267 0.0948363
251 0.0793425 0.290888 0.0960454
252 0.0801881 0.294245 0.0971379
253 0.0810426 0.297873 0.0983625
254 0.0819276 0.301305 0.0992143
255 0.0825424 0.30399 0.100105
256 0.083169 0.307513 0.101255
257 0.0838073 0.310168 0.102141
258 0.0844316 0.312744 0.102997
259 0.0850807 0.315375 0.103887
260 0.0857146 0.317853 0.104712
261 0.0863532 0.320474 0.105573
262 0.0870186 0.323079 0.106432
263 0.0876713 0.325741 0.107331
264 0.0883305 0.32832 0.108175
265 0.0889933 0.33101 0.109065
266 0.0896562 0.33371 0.10995
267 0.0903502 0.336453 0.110861
268 0.0910281 0.339108 0.111729
269 0.0917115 0.341887 0.112648
270 0.0923994 0.344684 0.113584
271 0.0931001 0.347643 0.114584
272 0.0938055 0.350474 0.115516
273 0.0945094 0.353505 0.116533
274 0.0952194 0.356649 0.117495
275 0.0959512 0.359607 0.118472
276 0.0966647 0.363338 0.119623
277 0.0974092 0.366476 0.120615
278 0.0981402 0.369535 0.121614
279 0.0988946 0.372664 0.122647
280 0.0996442 0.375671 0.123619
281 0.100384 0.378768 0.124643
282 0.101153 0.381905 0.125669
283 0.101928 0.385098 0.126758
284 0.102684 0.388181 0.12777
285 0.10347 0.391409 0.12883
286 0.104269 0.394642 0.129911
287 0.105083 0.397979 0.131014
288 0.1059 0.40153 0.132184
289 0.106703 0.404884 0.133293
290 0.107529 0.408318 0.134408
291 0.108336 0.411758 0.135707
292 0.109145 0.415172 0.136789
293 0.109982 0.418704 0.137942
294 0.110792 0.422209 0.139086
295 0.111628 0.425748 0.14026
296 0.112448 0.429231 0.141394
297 0.113289 0.432812 0.142587
298 0.114147 0.436381 0.143759
299 0.114998 0.440065 0.14497
300 0.115856 0.443604 0.146133
301 0.116704 0.447296 0.147348
302 0.117584 0.451038 0.148574
303 0.118459 0.45506 0.149831
304 0.119357 0.458903 0.151088
305 0.120255 0.46277 0.152356
306 0.121138 0.466609 0.153613
307 0.122025 0.470757 0.154976
308 0.122943 0.474532 0.156211
309 0.123842 0.478488 0.157509
310 0.124746 0.482505 0.158818
311 0.125666 0.486598 0.160167
312 0.126577 0.490504 0.161458
313 0.127524 0.494635 0.162811
314 0.128452 0.498773 0.164178
315 0.12938 0.503185 0.165622
316 0.130344 0.507297 0.166952
317 0.131304 0.511706 0.1684
318 0.132282 0.515974 0.169788
319 0.13324 0.520321 0.171209
320 0.134215 0.525021 0.172733
321 0.135206 0.529394 0.174157
322 0.136198 0.5338 0.175624
323 0.137181 0.538297 0.177092
324 0.138189 0.542605 0.178506
325 0.139183 0.547111 0.179983
326 0.140183 0.551707 0.181483
327 0.141193 0.55635 0.183095
328 0.142255 0.560888 0.184575
329 0.143303 0.565585 0.186117
330 0.144361 0.570344 0.187653
331 0.145427 0.57514 0.189224
332 0.146497 0.579751 0.190721
333 0.147544 0.584606 0.1923
334 0.148627 0.590174 0.193927
335 0.149715 0.595119 0.195546
336 0.150778 0.600088 0.197187
337 0.151881 0.605124 0.198813
338 0.152966 0.610121 0.200439
339 0.154079 0.615242 0.202114
340 0.155165 0.620147 0.203763
341 0.156294 0.625653 0.205572
342 0.157396 0.630943 0.207309
343 0.158523 0.636284 0.209038
344 0.159679 0.641427 0.2107
345 0.160816 0.646759 0.212443
346 0.161966 0.652133 0.214197
347 0.163121 0.65761 0.215971
348 0.164313 0.662836 0.217681
349 0.16551 0.668326 0.219474
350 0.16668 0.673823 0.22125
351 0.167864 0.679465 0.22309
352 0.16903 0.685287 0.224999
353 0.170205 0.690909 0.226823
354 0.171378 0.696558 0.228671
355 0.172587 0.702287 0.230546
356 0.173803 0.707893 0.232355
357 0.174989 0.713733 0.234259
358 0.176211 0.719526 0.236155
359 0.177441 0.725445 0.238108
360 0.178655 0.731206 0.239985
361 0.179911 0.73716 0.241924
362 0.181151 0.743161 0.243868
363 0.182415 0.749392 0.245867
364 0.183667 0.75533 0.247788
365 0.184914 0.761455 0.249785
366 0.186168 0.767683 0.251793
367 0.187445 0.773952 0.253844
368 0.188732 0.780264 0.255896
369 0.190015 0.786602 0.257971
370 0.19133 0.792962 0.260057
371 0.192675 0.799471 0.26218
372 0.19399 0.805784 0.264215
373 0.195284 0.812335 0.266346
374 0.196577 0.818907 0.268491
375 0.197927 0.825634 0.27068
376 0.199267 0.832135 0.272793
377 0.200615 0.838826 0.274984
378 0.201949 0.845594 0.277178
379 0.203295 0.852559 0.279419
380 0.204652 0.85922 0.281588
381 0.205991 0.866183 0.283852
382 0.207406 0.873132 0.286099
383 0.208773 0.880213 0.288385
384 0.210197 0.887734 0.290809
385 0.211579 0.894652 0.293059
386 0.212972 0.901612 0.295319
387 0.214424 0.908684 0.297621
388 0.215868 0.91554 0.299866
389 0.217257 0.922721 0.302204
390 0.218703 0.929908 0.304515
391 0.220135 0.937233 0.306904
392 0.221583 0.944389 0.309209
393 0.223041 0.951987 0.311609
394 0.224507 0.959487 0.314036
395 0.225938 0.967098 0.316495
396 0.227434 0.974418 0.318844
397 0.228908 0.983698 0.321262
398 0.230415 0.991211 0.323701
399 0.231897 0.998919 0.326213
400 0.233411 1.00701 0.328835
401 0.234916 1.0153 0.33145
402 0.236446 1.02332 0.333954
403 0.237955 1.03126 0.33651
404 0.239468 1.03886 0.338964
405 0.24103 1.04676 0.341708
406 0.242588 1.05473 0.344277
407 0.244123 1.06298 0.346965
408 0.245686 1.07088 0.349523
409 0.247251 1.07902 0.352153
410 0.248852 1.08714 0.354815
411 0.250424 1.09553 0.357533
412 0.252014 1.10367 0.360197
413 0.25361 1.11235 0.362983
414 0.255223 1.12092 0.365727
415 0.256807 1.12956 0.36851
416 0.258447 1.13816 0.371333
417 0.2601 1.1467 0.374124
418 0.261747 1.15532 0.376915
419 0.263408 1.16425 0.379805
420 0.265015 1.17272 0.382525
421 0.266684 1.18168 0.385368
422 0.268351 1.19045 0.388215
423 0.27004 1.19951 0.391142
424 0.271739 1.20824 0.393957
425 0.273418 1.21723 0.396892
426 0.275126 1.22622 0.39979
427 0.276829 1.23547 0.402817
428 0.278535 1.24435 0.405682
429 0.280245 1.25367 0.408686
430 0.282007 1.26286 0.411676
431 0.283747 1.27225 0.414757
432 0.285503 1.2818 0.417798
433 0.28726 1.29122 0.420858
434 0.28905 1.30071 0.423926
435 0.290812 1.31042 0.427062
436 0.292596 1.31975 0.430073
437 0.294401 1.32942 0.433204
438 0.296151 1.33909 0.43631
439 0.297972 1.34913 0.439543
440 0.299781 1.35871 0.442629
441 0.301558 1.36856 0.445829
442 0.303358 1.37845 0.449037
443 0.305163 1.38855 0.452328
444 0.30699 1.39827 0.455441
445 0.308812 1.40856 0.458726
446 0.310655 1.41876 0.462273
447 0.31256 1.42972 0.465678
448 0.314437 1.44056 0.469109
449 0.316331 1.45098 0.472456
450 0.31821 1.4614 0.475813
451 0.320104 1.47198 0.479229
452 0.322032 1.48233 0.482515
453 0.323942 1.49294 0.485943
454 0.325862 1.50348 0.489348
455 0.327804 1.51446 0.492865
456 0.329772 1.52499 0.496259
457 0.331734 1.53602 0.499792
458 0.333685 1.54679 0.503306
459 0.335643 1.55781 0.506879
460 0.337591 1.5686 0.510341
461 0.339557 1.57967 0.513926
462 0.341541 1.59076 0.517497
463 0.343537 1.60212 0.521145
464 0.345555 1.61348 0.524761
465 0.347544 1.62492 0.528457
466 0.349563 1.63628 0.532128
467 0.35159 1.64788 0.53589
468 0.353614 1.65912 0.539481
469 0.355617 1.67077 0.543231
470 0.358702 1.68772 0.547551
471 0.360768 1.69979 0.551436
472 0.362798 1.7114 0.555178
473 0.365056 1.72333 0.559021
474 0.367106 1.73513 0.562827
475 0.369169 1.74726 0.566723
476 0.371231 1.75949 0.570532
477 0.373315 1.77169 0.574466
478 0.375462 1.78389 0.578379
479 0.377594 1.79659 0.58314
480 0.379726 1.80934 0.587166
481 0.381868 1.82185 0.591187
482 0.38397 1.83433 0.595242
483 0.386083 1.84699 0.59933
484 0.388261 1.8594 0.603299
485 0.39045 1.87207 0.607386
486 0.392635 1.88482 0.611508
487 0.394849 1.89782 0.61569
488 0.397042 1.9105 0.619755
489 0.399227 1.92354 0.623951
490 0.401437 1.93649 0.628117
491 0.403645 1.9499 0.632403
492 0.405916 1.96323 0.636653
493 0.408221 1.97715 0.64114
494 0.410511 1.99054 0.64543
495 0.412774 2.0071 0.649804
496 0.41502 2.0207 0.654124
497 0.417284 2.03441 0.6585
498 0.419556 2.04797 0.662883
499 0.421819 2.06201 0.667366
500 0.424086 2.07549 0.671725
501 0.426432 2.08965 0.676305
502 0.428763 2.10369 0.68083
503 0.431054 2.11807 0.685477
504 0.433402 2.13353 0.691486
505 0.435769 2.14835 0.696289
506 0.438079 2.16289 0.700957
507 0.440461 2.1781 0.705857
508 0.442815 2.19236 0.710446
509 0.445214 2.20851 0.716109
510 0.447592 2.2252 0.721064
511 0.450102 2.24201 0.726466
512 0.452492 2.2635 0.733416
513 0.454921 2.28018 0.739083
514 0.45741 2.29575 0.744137
515 0.459839 2.31375 0.749336
516 0.462286 2.32866 0.754092
517 0.464752 2.34437 0.759187
518 0.467209 2.35994 0.764139
519 0.469728 2.37624 0.769339
520 0.472224 2.39185 0.77411
521 0.474696 2.40762 0.779183
522 0.477183 2.42299 0.784117
523 0.47969 2.43884 0.789207
524 0.482244 2.45405 0.794085
525 0.484759 2.46966 0.799115
526 0.48732 2.48527 0.804152
527 0.489851 2.501 0.80932
528 0.492359 2.51681 0.814318
529 0.494924 2.53271 0.819458
530 0.497449 2.54856 0.824538
531 0.500036 2.56481 0.829768
532 0.502629 2.58081 0.83477
533 0.505213 2.59719 0.839981
534 0.507826 2.61335 0.845179
535 0.510445 2.63011 0.85048
536 0.51309 2.64617 0.855653
537 0.515759 2.66264 0.860931
538 0.518429 2.67898 0.866206
539 0.521069 2.6962 0.871845
540 0.523797 2.71282 0.877319
541 0.526452 2.72978 0.882992
542 0.529194 2.74711 0.891248
543 0.53361 2.76922 0.896752
544 0.536314 2.78655 0.902224
545 0.539047 2.80349 0.907705
546 0.541769 2.82059 0.91319
547 0.544514 2.83798 0.918791
548 0.547266 2.85501 0.924239
549 0.550016 2.87258 0.929889
550 0.552772 2.89001 0.935488
551 0.555541 2.9078 0.941207
552 0.558309 2.92524 0.946757
553 0.561072 2.94316 0.952572
554 0.563896 2.96104 0.958279
555 0.566678 2.97925 0.964098
556 0.569512 2.99712 0.969716
557 0.572349 3.01524 0.975627
558 0.575234 3.03331 0.9814
559 0.578127 3.05163 0.987306
560 0.580931 3.07 0.993166
561 0.583792 3.09194 0.999192
562 0.586656 3.11044 1.00512
563 0.589577 3.12923 1.01119
564 0.592438 3.14754 1.01705
565 0.59534 3.16664 1.02314
566 0.598277 3.18571 1.02929
567 0.601229 3.20496 1.03546
568 0.604187 3.2239 1.04139
569 0.607113 3.24318 1.04762
570 0.610086 3.26233 1.05377
571 0.613031 3.28172 1.06005
572 0.615987 3.30086 1.06611
573 0.61895 3.32588 1.0753
574 0.621945 3.34566 1.08157
575 0.624948 3.36574 1.08823
576 0.627976 3.38576 1.09461
577 0.631037 3.4058 1.101
578 0.634139 3.42579 1.10746
579 0.637232 3.44732 1.11407
580 0.640285 3.46739 1.12267
581 0.645236 3.49061 1.12945
582 0.648331 3.51113 1.13628
583 0.651406 3.53215 1.14331
584 0.654488 3.55389 1.15048
585 0.65763 3.57643 1.16123
586 0.661034 3.59844 1.16822
587 0.664177 3.61987 1.17532
588 0.667319 3.64072 1.18223
589 0.670471 3.66228 1.18926
590 0.673672 3.68398 1.19632
591 0.676904 3.70559 1.20331
592 0.6801 3.7269 1.21008
593 0.683267 3.74836 1.21703
594 0.686492 3.76975 1.22397
595 0.689691 3.79169 1.23106
596 0.692972 3.83143 1.23791
597 0.696214 3.85328 1.24486
598 0.699489 3.87505 1.25183
599 0.702818 3.89731 1.25897
600 0.706142 3.91895 1.26589
601 0.709439 3.94125 1.273
602 0.712709 3.96341 1.28012
603 0.716044 3.98605 1.28734
604 0.719341 4.00827 1.29439
605 0.722707 4.03091 1.30164
606 0.726065 4.05355 1.30885
607 0.729368 4.0767 1.3162
608 0.732687 4.09963 1.32348
609 0.73609 4.12293 1.33089
610 0.739465 4.14643 1.33863
611 0.742852 4.17041 1.34679
612 0.746272 4.19465 1.35486
613 0.749686 4.21881 1.36282
614 0.753172 4.24278 1.37069
615 0.756647 4.26719 1.37879
616 0.760154 4.29132 1.38677
617 0.763661 4.31568 1.39495
618 0.767137 4.33987 1.40314
619 0.770603 4.36486 1.41133
620 0.774067 4.38911 1.41941
621 0.777734 4.42494 1.42783
622 0.781194 4.44955 1.43579
623 0.784699 4.4745 1.44374
624 0.788225 4.49925 1.45152
625 0.791776 4.52437 1.45956
626 0.795361 4.54943 1.46756
627 0.798869 4.575 1.47568
628 0.802482 4.59987 1.48353
629 0.806093 4.62535 1.49172
630 0.809702 4.6505 1.49981
631 0.813301 4.67647 1.50822
632 0.816921 4.7018 1.51625
633 0.820569 4.72779 1.52454
634 0.824206 4.75373 1.53282
635 0.827937 4.78014 1.54128
636 0.831621 4.80601 1.54944
637 0.835521 4.83302 1.55839
638 0.839205 4.85965 1.56726
639 0.842935 4.88718 1.57627
640 0.848942 4.92674 1.58569
641 0.85502 4.96517 1.5947
642 0.86108 5.0037 1.60385
643 0.867174 5.04281 1.61317
644 0.873261 5.08155 1.62207
645 0.879395 5.12092 1.63126
646 0.885525 5.16013 1.64011
647 0.891712 5.19969 1.64907
648 0.897911 5.2382 1.6578
649 0.904117 5.28179 1.66673
650 0.910514 5.32309 1.67636
651 0.916762 5.36358 1.68543
652 0.922982 5.40284 1.69421
653 0.929205 5.44304 1.70342
654 0.936071 5.48348 1.71252
655 0.942509 5.52462 1.72183
656 0.948953 5.56511 1.73088
657 0.955342 5.6059 1.74017
658 0.961843 5.6473 1.74951
659 0.968205 5.68864 1.75892
660 0.974718 5.7295 1.76804
661 0.981218 5.7714 1.77754
662 0.987732 5.81313 1.78702
663 0.99424 5.86397 1.80401
664 1.00092 5.90555 1.81341
665 1.00753 5.94784 1.82311
666 1.01419 5.99071 1.83276
667 1.02078 6.03406 1.84264
668 1.02741 6.0761 1.85206
669 1.03404 6.11909 1.86182
670 1.04065 6.16186 1.8716
671 1.04771 6.20586 1.88196
672 1.05535 6.24895 1.89191
673 1.06205 6.29376 1.90182
674 1.06876 6.33742 1.91191
675 1.07561 6.38179 1.9223
676 1.0824 6.42542 1.93205
677 1.08921 6.46957 1.94251
678 1.09604 6.51471 1.95302
679 1.1029 6.56358 1.97358
680 1.10976 6.60783 1.98403
681 1.11659 6.65357 1.99488
682 1.12349 6.69964 2.00533
683 1.13039 6.74684 2.01672
684 1.13736 6.7923 2.027
685 1.14433 6.83878 2.03834
686 1.16572 6.88539 2.04929
687 1.17379 6.93204 2.06052
688 1.18076 6.97801 2.07156
689 1.18773 7.02478 2.08272
690 1.19519 7.07146 2.09375
691 1.20225 7.11897 2.10956
692 1.21341 7.16528 2.12017
693 1.22056 7.21232 2.13103
694 1.22893 7.25923 2.1421
695 1.23862 7.30747 2.15314
696 1.24578 7.35461 2.16389
697 1.25302 7.40272 2.17543
698 1.26129 7.4619 2.18659
699 1.26851 7.51079 2.19784
700 1.27578 7.5584 2.20867
701 1.28414 7.60697 2.21989
702 1.29147 7.65537 2.23106
703 1.29876 7.70422 2.24242
704 1.30607 7.75274 2.25371
705 1.31389 7.80207 2.26515
706 1.32129 7.85162 2.2768
707 1.3287 7.90458 2.28879
708 1.3361 7.95406 2.30006
709 1.34369 8.00421 2.31179
710 1.34817 8.0534 2.32344
711 1.35269 8.10352 2.33522
712 1.35718 8.15304 2.34698
713 1.36164 8.20366 2.36073
714 1.36778 8.25509 2.37258
715 1.37233 8.31876 2.3846
716 1.3769 8.36864 2.39623
717 1.38147 8.42428 2.40833
718 1.38642 8.47502 2.42029
719 1.39102 8.52667 2.43234
720 1.39566 8.57714 2.44443
721 1.40028 8.62952 2.45677
722 1.40498 8.68198 2.46894
723 1.40961 8.73479 2.48146
724 1.41427 8.78675 2.49357
725 1.41891 8.83991 2.50635
726 1.42366 8.89328 2.5185
727 1.42838 8.953 2.53113
728 1.43309 9.01533 2.54374
729 1.43802 9.06895 2.55644
730 1.44274 9.12255 2.56893
731 1.4475 9.17674 2.5818
732 1.45226 9.22962 2.5942
733 1.45705 9.28409 2.60693
734 1.46186 9.33831 2.61966
735 1.46829 9.3961 2.63272
736 1.47322 9.45461 2.64594
737 1.47808 9.51885 2.65896
738 1.48302 9.57398 2.67191
739 1.48785 9.62975 2.68516
740 1.49281 9.68424 2.69791
741 1.49773 9.7411 2.71116
742 1.50266 9.79784 2.72482
743 1.50758 9.85464 2.73822
744 1.51253 9.91024 2.75151
745 1.51749 9.96728 2.76516
746 1.5225 10.0242 2.77856
747 1.52796 10.0816 2.79222
748 1.53292 10.1378 2.80569
749 1.53793 10.1962 2.82585
750 1.54291 10.2793 2.83982
751 1.54793 10.3405 2.85396
752 1.55304 10.3971 2.86735
753 1.56034 10.4599 2.88107
754 1.56535 10.5185 2.89514
755 1.57045 10.5801 2.90925
756 1.5763 10.6517 2.92349
757 1.58139 10.7103 2.93782
758 1.58644 10.7688 2.95148
759 1.59162 10.8292 2.96656
760 1.59681 10.8892 2.98081
761 1.60196 10.9492 2.99517
762 1.60711 11.0105 3.00979
763 1.61228 11.0715 3.02474
764 1.61749 11.1305 3.03865
765 1.62266 11.1957 3.05405
766 1.62794 11.2577 3.06891
767 1.63432 11.3198 3.08387
768 1.63961 11.396 3.10112
769 1.64491 11.4597 3.11634
770 1.65018 11.5221 3.13135
771 1.65551 11.5863 3.14775
772 1.66094 11.649 3.16244
773 1.66626 11.7127 3.17762
774 1.67156 11.7759 3.19273
775 1.67693 11.8507 3.20819
776 1.68232 11.9131 3.22287
777 1.68772 11.9773 3.23868
778 1.69312 12.0409 3.25393
779 1.69852 12.1057 3.26966
780 1.70396 12.171 3.28503
781 1.70946 12.2367 3.30114
782 1.71493 12.3016 3.31668
783 1.72035 12.3671 3.33228
784 1.72584 12.4319 3.3478
785 1.73135 12.4977 3.36415
786 1.73702 12.5804 3.38359
787 1.74323 12.6501 3.39995
788 1.74881 12.7158 3.41638
789 1.75441 12.7824 3.433
790 1.75998 12.8514 3.45193
791 1.76557 12.9203 3.46891
792 1.77133 12.9874 3.48511
793 1.77695 13.0556 3.50191
794 1.78265 13.1233 3.51844
795 1.78831 13.1914 3.53512
796 1.79397 13.2585 3.55118
797 1.79969 13.3289 3.56799
798 1.80549 13.3973 3.58459
799 1.81123 13.4761 3.60206
800 1.81697 13.5449 3.6186
801 1.82271 13.6144 3.63569
802 1.82847 13.684 3.6527
803 1.83447 13.7549 3.67
804 1.84027 13.8242 3.68663
805 1.84604 13.8941 3.70374
806 1.85189 13.9648 3.72102
807 1.85892 14.0363 3.73827
808 1.86477 14.107 3.75554
809 1.8706 14.18 3.77351
810 1.87647 14.2512 3.79094
811 1.88234 14.3232 3.80884
812 1.88821 14.3932 3.82573
813 1.89413 14.4656 3.84343
814 1.90046 14.5357 3.86116
815 1.90637 14.6037 3.87921
816 1.91234 14.6708 3.89711
817 1.91823 14.7391 3.91512
818 1.92422 14.808 3.93332
819 1.9308 14.8807 3.9526
820 1.9368 14.9542 3.98354
821 1.94282 15.0242 4.00197
822 1.94882 15.0941 4.02018
823 1.95482 15.1651 4.03902
824 1.96093 15.2341 4.05744
825 1.96699 15.308 4.07632
826 1.97303 15.3787 4.09488
827 1.97919 15.4502 4.11375
828 1.98616 15.5198 4.1318
829 1.99243 15.5918 4.15064
830 1.9986 15.6661 4.16967
831 2.00481 15.7383 4.1887
832 2.01098 15.8106 4.20763
833 2.01715 15.8834 4.22685
834 2.02341 15.9564 4.24589
835 2.02961 16.0313 4.26569
836 2.03583 16.1037 4.28436
837 2.04209 16.1774 4.30378
838 2.04831 16.2514 4.3231
839 2.05458 16.3258 4.3427
840 2.06089 16.4008 4.36271
841 2.06719 16.4758 4.38241
842 2.07352 16.5501 4.40227
843 2.07986 16.6252 4.42229
844 2.08614 16.6991 4.44163
845 2.09245 16.7751 4.46194
846 2.09889 16.8513 4.48193
847 2.10533 16.9277 4.50208
848 2.11173 17.0027 4.5218
849 2.11913 17.0803 4.54206
850 2.12558 17.1587 4.56232
851 2.13204 17.2392 4.58369
852 2.13854 17.3158 4.60403
853 2.14504 17.3941 4.62474
854 2.15171 17.4722 4.64559
855 2.15822 17.5506 4.67221
856 2.16913 17.6282 4.69294
857 2.17564 17.7075 4.71418
858 2.18216 17.8003 4.7351
859 2.18874 17.88 4.75617
860 2.19547 17.9575 4.77687
861 2.20213 18.0382 4.79817
862 2.20871 18.1234 4.82301
863 2.21534 18.2049 4.84488
864 2.222 18.2841 4.86575
865 2.2287 18.3658 4.88747
866 2.2354 18.4467 4.90877
867 2.24208 18.5277 4.93025
868 2.24887 18.6083 4.9517
869 2.25561 18.69 4.9734
870 2.26232 18.7755 4.99511
871 2.26908 18.8585 5.01732
872 2.28709 18.9483 5.04151
873 2.29392 19.0453 5.06365
874 2.32278 19.1312 5.08646
875 2.32962 19.216 5.10883
876 2.33651 19.2983 5.13046
877 2.34474 19.3834 5.1528
878 2.35197 19.4673 5.1754
879 2.35896 19.5522 5.19801
880 2.36591 19.6353 5.22003
881 2.37277 19.7199 5.24725
882 2.38176 19.8043 5.26969
883 2.38871 19.8914 5.29261
884 2.39572 19.9748 5.31508
885 2.40269 20.071 5.33811
886 2.4109 20.1618 5.36169
887 2.41787 20.2483 5.38545
888 2.42488 20.3332 5.40807
889 2.43304 20.4201 5.43142
890 2.44003 20.5074 5.45463
891 2.44711 20.5962 5.48001
892 2.45454 20.6944 5.50297
893 2.46165 20.7851 5.52662
894 2.46873 20.8751 5.55014
895 2.4758 20.9642 5.57428
896 2.48306 21.1044 5.61302
897 2.49022 21.1959 5.63717
898 2.49745 21.2904 5.67489
899 2.50786 21.385 5.69983
900 2.51504 21.4739 5.7341
901 2.52237 21.576 5.76932
902 2.53245 21.6665 5.79335
903 2.5397 21.7623 5.81874
904 2.54701 21.8607 5.84321
905 2.55432 21.9653 5.86828
906 2.5617 22.0773 5.89403
907 2.56912 22.1809 5.92123
908 2.57653 22.2778 5.94675
909 2.58399 22.3801 5.98094
910 2.59454 22.4848 6.00847
911 2.60322 22.6012 6.03689
912 2.61062 22.7018 6.06526
913 2.61804 22.8206 6.09292
914 2.62553 22.9258 6.12039
915 2.63308 23.0281 6.14849
916 2.64177 23.1298 6.17624
917 2.64928 23.246 6.20354
918 2.65679 23.3426 6.2298
919 2.66439 23.4399 6.25615
920 2.67195 23.535 6.28147
921 2.67967 23.6323 6.30859
922 2.68734 23.7302 6.3353
923 2.69508 23.8331 6.36345
924 2.70278 23.9293 6.38954
925 2.71054 24.028 6.41626
926 2.71817 24.1271 6.44337
927 2.7259 24.2265 6.47025
928 2.73362 24.3237 6.49654
929 2.74129 24.4235 6.52325
930 2.749 24.5252 6.55037
931 2.75667 24.6262 6.57797
932 2.76448 24.7249 6.60452
933 2.77236 24.826 6.63218
934 2.78013 24.9285 6.65955
935 2.78792 25.03 6.68745
936 2.79573 25.1336 6.71576
937 2.8035 25.236 6.74364
938 2.81138 25.3391 6.7714
939 2.81929 25.4423 6.79946
940 2.8272 25.5428 6.82661
941 2.83505 25.6455 6.8549
942 2.84341 25.7484 6.88252
943 2.85139 25.8531 6.91094
944 2.85927 25.9564 6.93834
945 2.86715 26.0604 6.96681
946 2.87813 26.1688 6.9954
947 2.88617 26.2805 7.02415
948 2.89419 26.3954 7.05223
949 2.90216 26.5125 7.08165
950 2.91019 26.6228 7.11169
951 2.91822 26.7295 7.14578
952 2.92873 26.8344 7.17464
953 2.93682 26.9443 7.20397
954 2.94496 27.0587 7.23283
955 2.95306 27.1774 7.26358
956 2.96243 27.2859 7.30164
957 2.9764 27.3971 7.33119
958 2.98461 27.5042 7.3604
959 2.99286 27.6135 7.39038
960 3.00102 27.7274 7.42172
961 3.00929 27.8364 7.45152
962 3.01754 27.9525 7.49876
963 3.03114 28.0686 7.52934
964 3.03943 28.1817 7.56041
965 3.04775 28.2947 7.59218
966 3.0575 28.4103 7.62238
967 3.06586 28.5217 7.65293
968 3.08671 28.6305 7.68281
969 3.09509 28.7432 7.71431
970 3.10353 28.8543 7.74471
971 3.1119 28.9672 7.77566
972 3.12034 29.0778 7.80601
973 3.12881 29.1921 7.83701
974 3.13898 29.3126 7.88503
975 3.14754 29.4365 7.92005
976 3.15622 29.557 7.95202
977 3.16546 29.672 7.98308
978 3.17406 29.7908 8.01598
979 3.18259 29.912 8.04753
980 3.19119 30.0245 8.07827
981 3.19979 30.1403 8.10992
982 3.2083 30.2561 8.1422
983 3.21827 30.3741 8.17482
984 3.2268 30.4891 8.21399
985 3.24329 30.6186 8.2462
986 3.25799 30.7427 8.27811
987 3.27253 30.8667 8.31123
988 3.28709 30.9888 8.34351
989 3.30165 31.1132 8.37609
990 3.31622 31.2375 8.40826
991 3.3308 31.3784 8.44226
992 3.34545 31.5014 8.47402
993 3.3601 31.6361 8.50901
994 3.37475 31.7613 8.54257
995 3.3895 31.8875 8.57556
996 3.4042 32.0111 8.62281
997 3.41912 32.1442 8.65684
998 3.434 32.2713 8.69012
999 3.44888 32.3997 8.72388
1000 3.46555 32.5261 8.75713
