#N,1,2,3
1 1.072e-06 3.517e-06 1.593e-06
2 2.3e-07 1.763e-06 4.61e-07
3 2.91e-07 1.352e-06 4.81e-07
4 3.31e-07 2.264e-06 5.92e-07
5 6.82e-07 2.706e-06 8.31e-07
6 1.413e-06 2.996e-06 9.12e-07
7 8.32e-07 3.627e-06 1.092e-06
8 1.011e-06 4.148e-06 1.212e-06
9 1.462e-06 5.5e-06 2.073e-06
10 2.625e-06 5.901e-06 1.864e-06
11 1.964e-06 6.973e-06 2.033e-06
12 3.847e-06 7.935e-06 2.094e-06
13 2.625e-06 8.796e-06 2.575e-06
14 3.116e-06 8.767e-06 2.755e-06
15 3.397e-06 1.026e-05 3.246e-06
16 3.817e-06 9.518e-06 2.875e-06
17 3.627e-06 2.7231e-05 7.133e-06
18 5.059e-06 2.0638e-05 4.609e-06
19 5.51e-06 1.6731e-05 5.04e-06
20 6.873e-06 1.5509e-05 4.549e-06
21 6.512e-06 2.2643e-05 8.425e-06
22 6.573e-06 2.5939e-05 8.886e-06
23 7.354e-06 2.0108e-05 6.292e-06
24 8.355e-06 1.9075e-05 5.711e-06
25 9.027e-06 2.3764e-05 7.044e-06
26 9.739e-06 2.2933e-05 7.624e-06
27 1.055e-05 4.0005e-05 1.3846e-05
28 9.057e-06 3.4896e-05 1.1732e-05
29 1.0149e-05 4.1438e-05 1.4978e-05
30 1.073e-05 4.2098e-05 1.3816e-05
31 1.2163e-05 3.733e-05 1.0089e-05
32 1.4597e-05 3.5266e-05 1.4607e-05
33 1.3515e-05 4.818e-05 1.5849e-05
34 1.7041e-05 4.1046e-05 1.3806e-05
35 1.6071e-05 5.2899e-05 2.0408e-05
36 1.5108e-05 4.9001e-05 1.1432e-05
37 1.9476e-05 4.0035e-05 1.3174e-05
38 2.0739e-05 5.2387e-05 2.0237e-05
39 1.8515e-05 6.6304e-05 2.129e-05
40 2.2882e-05 4.1347e-05 1.3015e-05
41 2.3735e-05 5.1927e-05 1.591e-05
42 2.5157e-05 4.7378e-05 1.5419e-05
43 2.6019e-05 5.0434e-05 1.6952e-05
44 2.7401e-05 4.824e-05 1.5429e-05
45 2.8443e-05 5.7527e-05 1.8184e-05
46 2.9805e-05 5.4231e-05 1.7612e-05
47 3.0978e-05 5.857e-05 1.9657e-05
48 3.2301e-05 5.5944e-05 1.7923e-05
49 3.3633e-05 6.3218e-05 2.104e-05
50 3.5116e-05 6.3679e-05 2.0869e-05
51 3.6398e-05 7.1473e-05 2.3103e-05
52 3.7881e-05 8.8625e-05 2.1029e-05
53 3.9313e-05 7.6252e-05 2.4155e-05
54 4.1057e-05 8.6782e-05 2.3665e-05
55 4.2269e-05 7.7745e-05 2.5928e-05
56 4.3942e-05 7.6453e-05 2.4256e-05
57 4.5355e-05 8.2835e-05 2.8002e-05
58 4.7048e-05 8.3987e-05 2.7251e-05
59 4.8551e-05 9.2302e-05 3.0317e-05
60 5.0294e-05 8.572e-05 2.7842e-05
61 5.1847e-05 9.7402e-05 3.184e-05
62 5.3951e-05 9.6891e-05 3.1198e-05
63 4.9823e-05 0.000111598 3.4535e-05
64 5.7277e-05 9.9256e-05 3.219e-05
65 5.883e-05 0.000142647 3.6608e-05
66 6.0814e-05 0.000110677 3.4875e-05
67 6.2486e-05 0.000114984 3.9695e-05
68 6.442e-05 0.000111128 3.6067e-05
69 6.6224e-05 0.000120946 3.9985e-05
70 6.8448e-05 0.000119333 3.9304e-05
71 7.0111e-05 0.00012842 4.3732e-05
72 7.2164e-05 0.000122809 3.9845e-05
73 7.4048e-05 0.000137907 4.6076e-05
74 7.6122e-05 0.000146614 4.4182e-05
75 7.8146e-05 0.00014441 4.8871e-05
76 8.036e-05 0.000137968 4.5455e-05
77 8.2344e-05 0.000152976 5.0735e-05
78 8.4588e-05 0.000150842 4.9512e-05
79 8.6642e-05 0.000161611 5.4252e-05
80 8.8906e-05 0.000155511 5.0554e-05
81 9.103e-05 0.000195915 8.5801e-05
82 7.7995e-05 0.000257722 8.8315e-05
83 9.1281e-05 0.000225471 6.0663e-05
84 9.8153e-05 0.000174165 5.8489e-05
85 0.000100207 0.000213669 6.3609e-05
86 0.000102752 0.000206907 6.2026e-05
87 0.000105006 0.000200023 6.7036e-05
88 0.00010741 0.000188041 6.1695e-05
89 0.000109705 0.000205764 6.8688e-05
90 0.00011226 0.000209731 6.7737e-05
91 0.000114744 0.00021985 8.4368e-05
92 0.000116828 0.000215111 6.7687e-05
93 0.000119774 0.000230861 7.5732e-05
94 0.000122569 0.000229458 7.513e-05
95 0.000124923 0.000237494 8.1773e-05
96 0.000127638 0.000237764 7.4709e-05
97 0.000130263 0.000243455 8.4367e-05
98 0.000133379 0.000248594 8.2814e-05
99 0.000135624 0.000263652 8.8095e-05
100 0.00012859 0.000250337 8.1182e-05
101 0.000141154 0.000269143 8.9898e-05
102 0.000144169 0.000269353 8.8866e-05
103 0.000146764 0.000286796 0.000113872
104 0.000153517 0.000276436 8.8315e-05
105 0.000153366 0.000298327 9.7442e-05
106 0.000155481 0.000299429 9.618e-05
107 0.000158867 0.000315779 0.00010668
108 0.000161472 0.000294721 9.7241e-05
109 0.000155981 0.000329035 0.000108853
110 0.00017159 0.000320598 0.000105487
111 0.000158025 0.000547111 0.000179536
112 0.000174025 0.000318264 0.000104786
113 0.000176449 0.000343852 0.000115386
114 0.000180096 0.000349753 0.000115165
115 0.000182731 0.000366464 0.000122338
116 0.000186007 0.000344974 0.000113702
117 0.000187309 0.000413502 0.000124703
118 0.000192549 0.000378627 0.00012349
119 0.000195605 0.000398955 0.000131476
120 0.000199021 0.000461802 0.000145091
121 0.000202198 0.000480698 0.000159818
122 0.000208288 0.000495596 0.000160339
123 0.000208961 0.000516214 0.000170077
124 0.000214901 0.000510763 0.00016062
125 0.000215803 0.000513519 0.000173314
126 0.000221924 0.000518859 0.000173735
127 0.00024106 0.000543215 0.000183572
128 0.000226323 0.000727108 0.00025193
129 0.000233226 0.00072821 0.000242984
130 0.000216053 0.00074454 0.000231201
131 0.000237183 0.000759087 0.000250408
132 0.00024059 0.000703904 0.000231643
133 0.000244326 0.000754438 0.000264434
134 0.000248834 0.000973368 0.000250137
135 0.000253634 0.000797279 0.000263201
136 0.000255377 0.000757504 0.000243044
137 0.000261107 0.000845299 0.000275474
138 0.000263111 0.000824269 0.000262911
139 0.000266738 0.000934345 0.000296674
140 0.000270736 0.00084056 0.000269053
141 0.000274352 0.00102023 0.000354001
142 0.000263241 0.000952869 0.000291374
143 0.000284 0.000949673 0.00033734
144 0.000235299 0.00102047 0.000288749
145 0.000291364 0.000952909 0.000311001
146 0.000294199 0.000995398 0.000311782
147 0.000298247 0.000972656 0.00032644
148 0.00030519 0.000925648 0.000306572
149 0.000307854 0.000996009 0.000354261
150 0.00031047 0.00107769 0.000326469
151 0.000317834 0.00103731 0.000345164
152 0.00032112 0.00101942 0.000328133
153 0.000327601 0.00114432 0.000365703
154 0.000328974 0.00109737 0.00035369
155 0.000333212 0.00113335 0.000399365
156 0.000338853 0.00121618 0.000347579
157 0.000344613 0.00113394 0.000371223
158 0.000349693 0.00117868 0.000363158
159 0.000356606 0.00120241 0.000415065
160 0.000360834 0.00111946 0.000451183
161 0.000359241 0.00118461 0.000400909
162 0.000363458 0.00116685 0.00040199
163 0.000367907 0.00119993 0.000394005
164 0.000372305 0.00123373 0.000405407
165 0.000377224 0.00132093 0.000472923
166 0.000368007 0.00141808 0.000431165
167 0.000392082 0.00138361 0.000454169
168 0.00039081 0.00134788 0.00042857
169 0.000398524 0.00136478 0.000456081
170 0.000404575 0.00141673 0.000567029
171 0.000383977 0.00146205 0.000516093
172 0.000418292 0.00135086 0.000437687
173 0.000417349 0.00141721 0.000483814
174 0.000421867 0.00149526 0.00046055
175 0.000424162 0.00211579 0.000989648
176 0.0011465 0.00186559 0.000515142
177 0.000431756 0.00148455 0.000507167
178 0.000436745 0.00151706 0.000525662
179 0.000443768 0.0015735 0.000506626
180 0.000448147 0.00148243 0.000483402
181 0.000459578 0.00184182 0.000544968
182 0.000425144 0.00170062 0.000518248
183 0.000461492 0.00168892 0.000568381
184 0.000470418 0.00157828 0.000510894
185 0.000475548 0.0019581 0.000591004
186 0.000473253 0.00171063 0.000577709
187 0.000486077 0.00205312 0.000589411
188 0.00047154 0.00169398 0.000625127
189 0.00049241 0.0017841 0.000580414
190 0.000503981 0.00182511 0.000580494
191 0.000507377 0.00187467 0.000668798
192 0.000509852 0.00185719 0.000605691
193 0.000513218 0.00215235 0.000668097
194 0.000514781 0.00188344 0.000602535
195 0.000523537 0.00196667 0.000678887
196 0.000548915 0.00197047 0.000630798
197 0.000536201 0.00201176 0.000657908
198 0.000544546 0.00228102 0.00065345
199 0.00054647 0.00210184 0.000667567
200 0.000552221 0.00198604 0.000651216
201 0.000557191 0.00243744 0.000711869
202 0.000579452 0.00221099 0.000722328
203 0.000568211 0.00230543 0.000700688
204 0.000565837 0.00213652 0.000735363
205 0.000543134 0.00345016 0.00137205
206 0.00150777 0.0042326 0.00135953
207 0.0016089 0.00260788 0.000785597
208 0.000634855 0.00223218 0.000713281
209 0.000608736 0.00238849 0.000782821
210 0.000609327 0.00366626 0.000941137
211 0.000615399 0.00272921 0.000782621
212 0.000621661 0.0021381 0.000707611
213 0.0006321 0.00236773 0.00077104
214 0.000645956 0.0036131 0.000845839
215 0.000643411 0.00296085 0.00087336
216 0.000644082 0.00233041 0.000769847
217 0.000658609 0.00265723 0.000948251
218 0.000647499 0.00280435 0.000813368
219 0.000671314 0.00251304 0.000832574
220 0.000646217