#N,1,2,3
1 1.2e-06 5.1e-06 1.7e-06
2 6e-07 2e-06 1e-06
3 7e-07 2.5e-06 8e-07
4 8e-07 2.1e-06 9e-07
5 1.1e-06 2.5e-06 1.1e-06
6 1.1e-06 2.9e-06 1.3e-06
7 1.3e-06 3.3e-06 1.3e-06
8 1.5e-06 3.5e-06 1.5e-06
9 1.8e-06 4.4e-06 2.4e-06
10 2e-06 4.9e-06 2e-06
11 2.3e-06 5.3e-06 2.1e-06
12 3.3e-06 6e-06 2.5e-06
13 2.9e-06 7e-06 2.8e-06
14 3.3e-06 7.6e-06 3e-06
15 3.6e-06 8.8e-06 3.4e-06
16 4.1e-06 8.8e-06 3.3e-06
17 4.6e-06 1.64e-05 4.3e-06
18 5.2e-06 1.28e-05 4.4e-06
19 5.6e-06 1.4e-05 4.9e-06
20 6.3e-06 1.33e-05 4.6e-06
21 6.7e-06 1.52e-05 5.5e-06
22 7.3e-06 1.56e-05 5.5e-06
23 7.8e-06 1.65e-05 5.9e-06
24 8.4e-06 1.63e-05 5.7e-06
25 2.3e-05 1.97e-05 1.64e-05
26 1.01e-05 2.01e-05 6.9e-06
27 1.05e-05 2.12e-05 7.5e-06
28 1.13e-05 2.04e-05 7.1e-06
29 1.2e-05 2.33e-05 8.2e-06
30 1.32e-05 2.39e-05 8.3e-06
31 1.38e-05 2.55e-05 9e-06
32 1.46e-05 2.46e-05 8.5e-06
33 1.55e-05 2.81e-05 9.8e-06
34 1.65e-05 2.95e-05 1.02e-05
35 1.74e-05 3.16e-05 1.11e-05
36 1.84e-05 3.02e-05 1.04e-05
37 1.94e-05 3.4e-05 1.17e-05
38 2.05e-05 3.47e-05 1.17e-05
39 2.14e-05 3.69e-05 1.29e-05
40 2.25e-05 3.52e-05 1.21e-05
41 2.35e-05 4.11e-05 1.39e-05
42 4.29e-05 6.42e-05 1.41e-05
43 2.58e-05 4.39e-05 1.51e-05
44 2.69e-05 4.16e-05 1.41e-05
45 2.8e-05 4.75e-05 1.59e-05
46 2.97e-05 4.73e-05 1.58e-05
47 3.05e-05 5.02e-05 1.73e-05
48 3.18e-05 4.79e-05 1.63e-05
49 3.31e-05 5.4e-05 1.82e-05
50 3.46e-05 5.55e-05 1.84e-05
51 3.58e-05 5.97e-05 3.36e-05
52 4.7e-05 5.55e-05 1.87e-05
53 3.86e-05 6.15e-05 2.07e-05
54 4.03e-05 6.26e-05 2.09e-05
55 4.14e-05 6.57e-05 2.22e-05
56 4.31e-05 6.34e-05 2.09e-05
57 4.45e-05 6.99e-05 2.37e-05
58 6.67e-05 0.0001052 5.84e-05
59 6.79e-05 7.59e-05 2.57e-05
60 4.93e-05 7.18e-05 2.38e-05
61 5.08e-05 8.1e-05 2.68e-05
62 5.25e-05 8.01e-05 2.64e-05
63 5.41e-05 8.52e-05 2.88e-05
64 5.59e-05 8.36e-05 5.9e-05
65 6.7e-05 8.91e-05 2.99e-05
66 5.95e-05 9.15e-05 3.02e-05
67 6.1e-05 9.69e-05 3.28e-05
68 6.3e-05 9.27e-05 3.05e-05
69 6.53e-05 0.0001004 5.88e-05
70 8.61e-05 0.0001015 3.36e-05
71 6.91e-05 0.0001088 3.59e-05
72 7.04e-05 0.0001036 3.44e-05
73 7.23e-05 0.0001148 3.81e-05
74 8.75e-05 0.000166 3.79e-05
75 7.63e-05 0.0001204 4.05e-05
76 7.84e-05 0.0001133 3.75e-05
77 8.03e-05 0.0001244 4.18e-05
78 0.0001077 0.0001461 4.14e-05
79 8.47e-05 0.0001316 4.41e-05
80 8.69e-05 0.0001273 4.23e-05
81 8.9e-05 0.0001368 7.98e-05
82 0.0001009 0.0001397 4.61e-05
83 9.34e-05 0.000145 4.88e-05
84 9.58e-05 0.0001385 4.6e-05
85 0.000142 0.0001558 5.2e-05
86 0.0001003 0.0001534 5.08e-05
87 0.0001025 0.0001636 5.7e-05
88 0.0001393 0.0001632 5.08e-05
89 0.0001072 0.0001664 5.55e-05
90 0.0001099 0.0001691 5.61e-05
91 0.0001703 0.0002226 6.03e-05
92 0.0001246 0.0001657 5.48e-05
93 0.0001171 0.0002328 0.0001011
94 0.0001197 0.0002364 6.11e-05
95 0.0001221 0.0002786 8.52e-05
96 0.0001248 0.0001885 6.23e-05
97 0.0001272 0.0002008 6.71e-05
98 0.0001729 0.0002036 6.74e-05
99 0.0001328 0.0002094 7.02e-05
100 0.0001355 0.0002441 6.54e-05
101 0.0001379 0.0002176 7.26e-05
102 0.0001425 0.0002475 9.37e-05
103 0.0001436 0.0002321 7.78e-05
104 0.0001465 0.0002208 0.0001108
105 0.0001589 0.000237 7.94e-05
106 0.0001521 0.0002407 0.0001042
107 0.0001741 0.0002498 8.41e-05
108 0.0001579 0.0002377 0.0001258
109 0.000161 0.0002561 8.58e-05
110 0.0001637 0.000285 0.0001091
111 0.0001666 0.0002684 9.06e-05
112 0.0001698 0.0003069 8.61e-05
113 0.0001746 0.0002832 9.3e-05
114 0.0001757 0.0003388 9.48e-05
115 0.0001789 0.0003211 0.0001643
116 0.0001824 0.0002745 9.1e-05
117 0.0001852 0.0003445 0.0001005
118 0.0001885 0.0003027 0.0001005
119 0.0002378 0.0003129 0.0001052
120 0.0001949 0.0003781 0.0001061
121 0.0002029 0.000353 0.0001189
122 0.0002301 0.0003542 0.0001175
123 0.0002094 0.0003926 0.0001229
124 0.0002131 0.0003442 0.0001142
125 0.0002262 0.0003809 0.0001257
126 0.0002201 0.0003988 0.0001253
127 0.0002234 0.0004128 0.0001294
128 0.000227 0.0008527 0.0002542
129 0.0002414 0.0007548 0.0002443
130 0.0002605 0.0007268 0.0002473
131 0.0002381 0.0007472 0.0002484
132 0.0002416 0.0007736 0.000259
133 0.0002453 0.0008721 0.0002364
134 0.0002602 0.0006992 0.0002501
135 0.0002588 0.0007439 0.0002447
136 0.0002624 0.0007218 0.0002327
137 0.0002663 0.0007486 0.0002437
138 0.0002754 0.0007303 0.0002631
139 0.0002741 0.0007532 0.0002507
140 0.0002777 0.0007282 0.0002409
141 0.0002875 0.0009033 0.0003219
142 0.0002859 0.0009028 0.000304
143 0.000294 0.000922 0.0003369
144 0.0002939 0.0009469 0.000296
145 0.0003081 0.0009644 0.0003325
146 0.000302 0.0009619 0.0003294
147 0.0003058 0.0009972 0.0003259
148 0.0003148 0.0009425 0.0003168
149 0.0003139 0.0009964 0.0003283
150 0.0003241 0.0010008 0.0003273
151 0.0003227 0.0010289 0.0003702
152 0.0003272 0.0010332 0.0003586
153 0.0003316 0.0011896 0.0003905
154 0.000354 0.0011846 0.0003915
155 0.0003776 0.001231 0.0004131
156 0.0003621 0.001182 0.0003944
157 0.0003653 0.0012672 0.0004327
158 0.0003741 0.001256 0.0004059
159 0.0003566 0.0012193 0.0004063
160 0.0003612 0.0012388 0.0004301
161 0.0003676 0.0012921 0.0004343
162 0.0003619 0.0012929 0.0004385
163 0.0003662 0.0013375 0.0004478
164 0.0003706 0.001576 0.0004977
165 0.0004019 0.0015601 0.0005105
166 0.0003893 0.001515 0.0005003
167 0.0003996 0.0015962 0.0005396
168 0.0003889 0.0016127 0.0005179
169 0.0004204 0.0016143 0.0005314
170 0.0004076 0.0018384 0.0005524
171 0.0004024 0.0016964 0.0005568
172 0.0004236 0.0015877 0.0005331
173 0.0004217 0.0016627 0.0005379
174 0.0004267 0.0016788 0.0005792
175 0.0004572 0.0411398 0.0007345
176 0.0004417 0.0688695 0.0006516
177 0.0004427 0.0680744 0.0006724
178 0.0004512 0.054118 0.0006701
179 0.0005555 0.0434235 0.0006383
180 0.0004564 0.0018957 0.0006276
181 0.0004613 0.0019868 0.000643
182 0.0004664 0.0020742 0.0006485
183 0.0004716 0.0019808 0.0006582
184 0.0004778 0.0027612 0.0006422
185 0.000483 0.0020517 0.0006714
186 0.000494 0.0020334 0.0006687
187 0.0004974 0.0020484 0.0006789
188 0.0004973 0.0019849 0.0006647
189 0.0005025 0.0020539 0.0006892
190 0.0005096 0.0022619 0.0006988
191 0.0005135 0.0020465 0.0006918
192 0.0005187 0.0021055 0.0006947
193 0.000526 0.0020654 0.0006835
194 0.0005297 0.002063 0.0006796
195 0.0005346 0.0021343 0.0007127
196 0.0005484 0.0022198 0.0007083
197 0.0005456 0.0022753 0.0007584
198 0.0005541 0.0023274 0.0007421
199 0.0005561 0.0023319 0.0007607
200 0.0005622 0.002274 0.0007359
201 0.0005746 0.0023094 0.0007561
202 0.000573 0.0022965 0.0007593
203 0.0005857 0.0025962 0.0007852
204 0.0005939 0.0023159 0.0007573
205 0.0005981 0.0024357 0.0095853
206 0.0007346 0.0025681 0.0008306
207 0.0006024 0.0023903 0.000777
208 0.0006076 0.0023794 0.0007608
209 0.0006149 0.0024092 0.0007869
210 0.0006247 0.0023616 0.0007719
211 0.0006253 0.0024294 0.0007946
212 0.0006314 0.0023903 0.0007749
213 0.0006368 0.0024702 0.0008042
214 0.000644 0.0024771 0.0008065
215 0.0006496 0.0034062 0.0008306
216 0.0006574 0.0024777 0.0008107
217 0.0006663 0.0025859 0.0008411
218 0.0006693 0.0025938 0.0008371
219 0.0006732 0.0026631 0.0008616
220 0.0006792 0.0026136 0.0008227
221 0.0006857 0.0026405 0.0008488
222 0.0006932 0.0025903 0.0008466
223 0.0007022 0.0026685 0.0008725
224 0.0007138 0.002724 0.0008784
225 0.0007103 0.002688 0.000873
226 0.000719 0.0027774 0.000891
227 0.0007237 0.0027433 0.0008932
228 0.0007291 0.0035864 0.0008878
229 0.0007372 0.0027711 0.0009357
230 0.0007522 0.0027981 0.000908
231 0.0007492 0.0028232 0.0009515
232 0.0007629 0.002838 0.0009245
233 0.0007633 0.0029625 0.0009408
234 0.0007679 0.0028747 0.0009433
235 0.0007761 0.0029647 0.000965
236 0.0007829 0.0028571 0.0009335
237 0.0007875 0.0029412 0.001033
238 0.0007968 0.0030735 0.0009678
239 0.0008038 0.0030084 0.000989
240 0.0008267 0.0029741 0.0009744
241 0.0008145 0.0030589 0.0010039
242 0.000821 0.0030024 0.0009807
243 0.0008284 0.0030763 0.0009994
244 0.0008369 0.0030309 0.0009929
245 0.0008438 0.0030701 0.0010408
246 0.00086 0.0030977 0.0010181
247 0.0008651 0.0031813 0.0010446
248 0.0008818 0.0030713 0.0010085
249 0.0008799 0.0031436 0.0010591
250 0.0008951 0.0033318 0.0010624
251 0.0009042 0.0032412 0.0010816
252 0.00091 0.0031646 0.0010539
253 0.0009282 0.0032942 0.0011379
254 0.0009375 0.0032862 0.0010873
255 0.0009414 0.0034572 0.0011448
256 0.0009467 0.0036898 0.0011022
257 0.000948 0.0032131 0.0010275
258 0.0009728 0.0031555 0.0010421
259 0.0009638 0.0032287 0.0010934
260 0.0009705 0.0031446 0.00103
261 0.0009787 0.0031567 0.0010106
262 0.0009838 0.0030436 0.0027162
263 0.0009919 0.0031295 0.0010168
264 0.0009991 0.0030889 0.0017855
265 0.0010053 0.0031882 0.0010914
266 0.0010137 0.003192 0.0010554
267 0.0010196 0.0032293 0.0010914
268 0.0010281 0.0033088 0.0010312
269 0.0010452 0.0040355 0.0010587
270 0.0010515 0.003345 0.0010831
271 0.001061 0.0033508 0.0011125
272 0.0010766 0.0033478 0.0010409
273 0.0010654 0.0031835 0.001068
274 0.0010744 0.0031089 0.001136
275 0.0010912 0.0033386 0.001072
276 0.0010982 0.0031056 0.0010593
277 0.0011054 0.0032544 0.0010842
278 0.0011037 0.0032412 0.0010899
279 0.0011198 0.0032746 0.0011342
280 0.0011198 0.003508 0.0013115
281 0.0011471 0.0037979 0.0012352
282 0.0011533 0.0066539 0.0013122
283 0.0013677 0.0037192 0.001296
284 0.0011605 0.0035844 0.0012469
285 0.0011676 0.0047472 0.0013338
286 0.0011852 0.0038046 0.0013012
287 0.0011845 0.0038971 0.0012974
288 0.0011964 0.0037753 0.0012928
289 0.0012018 0.0037191 0.0012818
290 0.0012073 0.0039454 0.0013103
291 0.0014315 0.0038531 0.0012712
292 0.0012245 0.0037591 0.001248
293 0.0012323 0.0038753 0.0013102
294 0.0014599 0.0038458 0.0012955
295 0.0014685 0.003847 0.0012662
296 0.0012573 0.0039241 0.0012818
297 0.0014883 0.0038549 0.0013034
298 0.001274 0.0038917 0.0013406
299 0.0013112 0.0038871 0.0012621
300 0.0012898 0.0038593 0.0013106
301 0.0012978 0.0042866 0.0012958
302 0.0013068 0.0041433 0.0013987
303 0.0015327 0.0057096 0.0013578
304 0.001323 0.0039342 0.001246
305 0.0013334 0.0045419 0.0013477
306 0.0015541 0.0040488 0.0013305
307 0.0015672 0.0041226 0.0013756
308 0.0015844 0.0040181 0.0013278
309 0.0015886 0.0042251 0.0013738
310 0.001588 0.00423 0.0013893
311 0.0015943 0.0071611 0.0013047
312 0.0013924 0.0042547 0.0014013
313 0.0014013 0.0044851 0.0014994
314 0.0014131 0.0044737 0.0014222
315 0.0014192 0.0045521 0.0015438
316 0.0014283 0.004572 0.0015118
317 0.00165 0.0046979 0.0014892
318 0.0014476 0.0050949 0.0014771
319 0.0014574 0.0046478 0.0015989
320 0.0014655 0.0046994 0.0015585
321 0.0014811 0.0044731 0.0015405
322 0.0014813 0.0047776 0.0015644
323 0.0017115 0.0045828 0.0014893
324 0.0014996 0.004513 0.0014834
325 0.0015103 0.0045172 0.0014883
326 0.0015342 0.0045821 0.0015166
327 0.0015266 0.0046381 0.0015106
328 0.0015364 0.0047889 0.0015679
329 0.0017695 0.0047537 0.0015956
330 0.001769 0.0047388 0.0015075
331 0.0015647 0.0049003 0.001642
332 0.001785 0.0048569 0.0015811
333 0.001581 0.0049439 0.001647
334 0.0018082 0.0048186 0.0015951
335 0.0018175 0.0048755 0.0016522
336 0.001609 0.0050062 0.0017049
337 0.0018314 0.004632 0.0015546
338 0.0016311 0.0045887 0.0015047
339 0.0016634 0.004717 0.0015299
340 0.001649 0.0111041 0.0048831
341 0.0016661 0.0107265 0.004227
342 0.0018768 0.0049097 0.0015794
343 0.001672 0.0048524 0.0015893
344 0.0016894 0.0059768 0.0017437
345 0.0017029 0.0055433 0.0018495
346 0.0019282 0.0052552 0.0019173
347 0.0017098 0.0054378 0.0018384
348 0.0017264 0.0061827 0.0018555
349 0.0019483 0.0054552 0.0018344
350 0.0017475 0.0053949 0.0018541
351 0.0017595 0.005445 0.0018912
352 0.0017671 0.0055205 0.0018272
353 0.0017853 0.0054221 0.0017999
354 0.0017876 0.0053994 0.0018208
355 0.0017964 0.0054872 0.0018289
356 0.0018012 0.0053617 0.0017481
357 0.0018288 0.0055445 0.0017916
358 0.0018231 0.0054725 0.0021117
359 0.0020587 0.0056025 0.0017948
360 0.0018439 0.0141311 0.0019279
361 0.0020686 0.0062369 0.0017745
362 0.0018642 0.005773 0.00191
363 0.0020983 0.0057504 0.0018913
364 0.0018948 0.0057627 0.0019281
365 0.0021058 0.005682 0.0018364
366 0.0019169 0.0057964 0.001936
367 0.0019162 0.0059235 0.0019998
368 0.0021435 0.0058074 0.0019182
369 0.0021479 0.0057533 0.0019065
370 0.0021555 0.005981 0.0019433
371 0.0021616 0.0058555 0.0019719
372 0.0021695 0.0058131 0.0019123
373 0.0021971 0.0065555 0.0020869
374 0.002197 0.0060338 0.0020022
375 0.0022021 0.006102 0.0020162
376 0.002216 0.0061202 0.0019712
377 0.0020205 0.0063063 0.0020316
378 0.0020395 0.0066866 0.002034
379 0.0020415 0.0063455 0.0021875
380 0.0020528 0.006297 0.002022
381 0.0020715 0.0068139 0.0020649
382 0.0020735 0.0066532 0.0021782
383 0.0020829 0.0065476 0.0021521
384 0.0020947 0.0072292 0.0022723
385 0.0021045 0.0092705 0.0025559
386 0.002328 0.0070114 0.002202
387 0.0021267 0.0070571 0.0023442
388 0.0021343 0.0072657 0.0023906
389 0.0021439 0.0073347 0.0023291
390 0.0021557 0.0072455 0.002412
391 0.0021749 0.0073168 0.0023689
392 0.0021763 0.0073798 0.0024038
393 0.0021883 0.0074508 0.0025979
394 0.0022308 0.0080519 0.002406
395 0.0022195 0.0085906 0.002496
396 0.0022361 0.007658 0.0024775
397 0.0022447 0.0076185 0.0024894
398 0.0022517 0.0076313 0.0024812
399 0.0022628 0.0080359 0.0025753
400 0.002277 0.0075488 0.0035715
401 0.0022891 0.0076766 0.0024827
402 0.0022954 0.0076196 0.002446
403 0.0023142 0.0079285 0.0026128
404 0.0025303 0.007617 0.0024717
405 0.0023638 0.0077589 0.0025435
406 0.0023314 0.0085159 0.0024993
407 0.0023615 0.00795 0.0027138
408 0.0025672 0.0077922 0.0025066
409 0.0023687 0.0079945 0.0025939
410 0.0025835 0.011116 0.0026733
411 0.002596 0.0080464 0.0026473
412 0.0026057 0.008231 0.0027066
413 0.0026191 0.0084267 0.002764
414 0.0026318 0.0084459 0.0030295
415 0.0026498 0.0092198 0.0028583
416 0.0026454 0.008467 0.0027587
417 0.0026582 0.0089293 0.0029618
418 0.0026698 0.0093202 0.0028768
419 0.0026804 0.0091404 0.0029654
420 0.002692 0.0091579 0.0029966
421 0.0027053 0.0091581 0.0029604
422 0.002715 0.0093977 0.0031079
423 0.0027262 0.0096097 0.0030042
424 0.0027392 0.0091133 0.0029781
425 0.0027515 0.0100301 0.0030519
426 0.0027619 0.0092735 0.0029965
427 0.0027733 0.0096854 0.0031786
428 0.0027789 0.0094104 0.0030467
429 0.0028038 0.0095156 0.0035063
430 0.0028037 0.0094237 0.0031474
431 0.0026421 0.009599 0.0030685
432 0.0026559 0.0093552 0.0030156
433 0.0026597 0.0101156 0.0030522
434 0.0026703 0.0095199 0.0030584
435 0.0026808 0.0095345 0.0030975
436 0.0027017 0.0095209 0.003036
437 0.0027118 0.0101735 0.0030889
438 0.0027291 0.0096628 0.0033542
439 0.0027336 0.0180355 0.0033967
440 0.0029472 0.0096392 0.0030938
441 0.0027513 0.0097046 0.0031358
442 0.0027746 0.0097728 0.0032895
443 0.002784 0.0099528 0.0032169
444 0.0027933 0.0096776 0.0031754
445 0.0028049 0.0099655 0.0032541
446 0.0028189 0.0103114 0.003502
447 0.0030461 0.0111367 0.0032755
448 0.0028406 0.0099619 0.003288
449 0.0028554 0.0102753 0.0034134
450 0.0030705 0.0099896 0.0033673
451 0.0028703 0.0104351 0.0036232
452 0.003095 0.0103077 0.003265
453 0.0028966 0.0104914 0.0032983
454 0.0029081 0.0117009 0.0040787
455 0.0031233 0.0103034 0.0034236
456 0.002937 0.0102161 0.0032918
457 0.0029419 0.0104608 0.0034194
458 0.0031639 0.0103365 0.0034045
459 0.0031766 0.0107299 0.0034681
460 0.0031453 0.0104112 0.0034283
461 0.0032033 0.0105959 0.0035962
462 0.0032178 0.0108985 0.0035991
463 0.003227 0.0107317 0.0035341
464 0.0032453 0.0107788 0.0038182
465 0.0032526 0.0114382 0.0038134
466 0.003254 0.0115765 0.0038009
467 0.0032654 0.0115611 0.0038017
468 0.0032758 0.0117808 0.0037305
469 0.0032706 0.0124971 0.003809
470 0.0033006 0.0115613 0.0037495
471 0.0033182 0.0117279 0.00649
472 0.0033266 0.0119432 0.0038056
473 0.0033662 0.0118106 0.003882
474 0.0033703 0.0118538 0.0039357
475 0.0033783 0.0127135 0.0039594
476 0.0033932 0.0123945 0.0040598
477 0.0034084 0.0121629 0.0040255
478 0.0034209 0.0121544 0.0039344
479 0.0032393 0.0121546 0.0040049
480 0.00327 0.0120349 0.0039023
481 0.0032683 0.0121402 0.0043431
482 0.0032762 0.0123528 0.0039481
483 0.00329 0.0122579 0.00397
484 0.0033039 0.012149 0.0039492
485 0.0033171 0.0123366 0.0040565
486 0.0035557 0.0124142 0.0040136
487 0.0033592 0.0125299 0.0046308
488 0.0033834 0.012413 0.0039506
489 0.0033891 0.0124562 0.0044188
490 0.0034044 0.013008 0.0041229
491 0.0034204 0.0137368 0.0041097
492 0.0034374 0.0127453 0.0039757
493 0.0034445 0.012717 0.0129193
494 0.003642 0.0123611 0.0042914
495 0.0034659 0.0125576 0.0041128
496 0.0034748 0.0121022 0.0040147
497 0.0034994 0.0136083 0.0044362
498 0.0037029 0.0123627 0.0039259
499 0.0035304 0.0125507 0.0040408
500 0.0035241 0.0133515 0.0046253
501 0.0037328 0.0129808 0.0041739
502 0.0035582 0.0128972 0.004114
503 0.0035598 0.0130252 0.0043257
504 0.0035745 0.0131188 0.0041007
505 0.003607 0.0138413 0.0043127
506 0.0038012 0.0140908 0.0045738
507 0.0038341 0.0131504 0.0042952
508 0.0036394 0.012815 0.0041118
509 0.0036852 0.0134312 0.0043922
510 0.0036711 0.0171687 0.0045412
511 0.003698 0.0142426 0.004626
512 0.0036949 0.0188189 0.0060465
513 0.0037595 0.0155812 0.0052225
514 0.0039152 0.0148187 0.0052236
515 0.0039408 0.0160703 0.004771
516 0.0039572 0.0140452 0.0045784
517 0.0037959 0.0145192 0.0048133
518 0.0039683 0.0145939 0.0046858
519 0.0040025 0.0148206 0.0048657
520 0.0039897 0.0146015 0.0046017
521 0.0038603 0.0146904 0.0048174
522 0.0040227 0.0147246 0.0051729
523 0.0040471 0.0148801 0.0048294
524 0.0040667 0.0145017 0.0046566
525 0.0041677 0.0153909 0.0050175
526 0.0040999 0.0150103 0.004786
527 0.0039141 0.0157468 0.0048884
528 0.003934 0.0149393 0.0047836
529 0.0041404 0.0154817 0.0048601
530 0.0041498 0.0170217 0.0050757
531 0.0041541 0.0152989 0.0055101
532 0.0041693 0.0152874 0.0047648
533 0.0041843 0.0151475 0.00497
534 0.004198 0.0155109 0.0049153
535 0.0042319 0.016007 0.005139
536 0.0042408 0.0161274 0.0051007
537 0.0042461 0.0257224 0.0053
538 0.0042703 0.0158483 0.0055155
539 0.0042733 0.0161929 0.0053257
540 0.0043039 0.0157463 0.0050797
541 0.0043029 0.0160318 0.0052869
542 0.0043135 0.0160989 0.0052549
543 0.0043348 0.0170706 0.0052855
544 0.0043581 0.0168998 0.0051417
545 0.0043895 0.016499 0.005496
546 0.0043978 0.0159206 0.0052055
547 0.0044157 0.0166756 0.0053536
548 0.0044061 0.0157839 0.0051612
549 0.0044391 0.0160816 0.0052377
550 0.0044373 0.0161396 0.0053852
551 0.004464 0.0171324 0.0056288
552 0.0044827 0.0168909 0.0056379
553 0.0043213 0.0171938 0.0058028
554 0.0043415 0.0172519 0.0056698
555 0.0043546 0.0175048 0.0055973
556 0.0043753 0.0177274 0.0059783
557 0.0046005 0.0185045 0.0056525
558 0.0044203 0.0176368 0.0057415
559 0.0044186 0.0196634 0.0061756
560 0.0046331 0.0190434 0.0058227
561 0.0044581 0.0181312 0.0058855
562 0.0044722 0.0178952 0.0057146
563 0.0044825 0.0185145 0.0058688
564 0.0045024 0.0176385 0.0057414
565 0.0045141 0.01902 0.0061353
566 0.0045265 0.0179263 0.005878
567 0.0045598 0.0202199 0.0060498
568 0.0045741 0.018163 0.0058439
569 0.0047671 0.0190109 0.0059535
570 0.0046079 0.0185131 0.0064477
571 0.0046108 0.0207261 0.0059784
572 0.0046297 0.0182017 0.0058699
573 0.0046452 0.0270947 0.0062869
574 0.0046372 0.0186845 0.0059338
575 0.0046521 0.0185493 0.0059775
576 0.0048583 0.0191016 0.0058273
577 0.0048793 0.0187913 0.0070724
578 0.0048893 0.0195831 0.0059932
579 0.0049099 0.0184578 0.0058934
580 0.0047404 0.019531 0.006059
581 0.0049327 0.0186185 0.0061242
582 0.0047727 0.0186693 0.0064667
583 0.0049792 0.0199411 0.0069704
584 0.0048128 0.0182987 0.0061009
585 0.0048155 0.0195714 0.0061168
586 0.0050117 0.0189833 0.0064121
587 0.0048932 0.0190362 0.00638
588 0.0050437 0.0185153 0.0060153
589 0.0050647 0.0200881 0.00616
590 0.004893 0.0188282 0.0061124
591 0.0050897 0.0224569 0.0062178
592 0.005114 0.0194556 0.0061498
593 0.0051333 0.0194531 0.0066412
594 0.0051611 0.0208107 0.0069858
595 0.0051824 0.0209453 0.0068732
596 0.0051854 0.0196426 0.0062789
597 0.0052078 0.0219415 0.0065536
598 0.0052806 0.0197543 0.0064164
599 0.0052373 0.0380089 0.00657
600 0.0052653 0.021459 0.0068528
601 0.0052752 0.0211284 0.0069564
602 0.0052885 0.0203055 0.00642
603 0.0053124 0.020637 0.0064793
604 0.0053114 0.0201173 0.0063882
605 0.0053328 0.0269559 0.0064282
606 0.0053467 0.0208915 0.0066538
607 0.0053469 0.021316 0.007459
608 0.0053808 0.0209561 0.0065528
609 0.0053916 0.0202024 0.0065359
610 0.005402 0.0202713 0.0066907
611 0.0054224 0.0230066 0.0070449
612 0.0054381 0.0200641 0.0065382
613 0.0054588 0.0212609 0.0067121
614 0.0054677 0.0247768 0.0066986
615 0.0054889 0.0206577 0.0067081
616 0.0054974 0.0213195 0.0067343
617 0.0053619 0.0214033 0.0068407
618 0.0053801 0.0232857 0.0072357
619 0.0054228 0.0215777 0.0075342
620 0.0056065 0.0213153 0.0068733
621 0.0054374 0.0219967 0.0075377
622 0.0054566 0.0249508 0.0070451
623 0.0054659 0.0224477 0.0072603
624 0.0055021 0.0222604 0.0077321
625 0.0054998 0.0223207 0.0072208
626 0.0055227 0.0218812 0.0076248
627 0.0057361 0.0225163 0.0074027
628 0.0055597 0.0236385 0.0070357
629 0.0055779 0.0226193 0.0072254
630 0.0056112 0.0225166 0.0073329
631 0.0057992 0.0226082 0.0076476
632 0.0058162 0.022756 0.0072839
633 0.0056307 0.0224859 0.0072276
634 0.0056741 0.0283641 0.0073511
635 0.0058922 0.0235968 0.0073572
636 0.0057109 0.0242156 0.0075039
637 0.0057227 0.023528 0.0079585
638 0.0058893 0.0269625 0.0080934
639 0.0057563 0.0268786 0.0095188
640 0.0059837 0.0242354 0.0082835
641 0.0059362 0.0238815 0.0075598
642 0.0059427 0.0238444 0.007822
643 0.0060379 0.0247515 0.0081181
644 0.0060601 0.0238959 0.0083995
645 0.0060815 0.0246634 0.0085375
646 0.0060896 0.0242381 0.0077632
647 0.0060518 0.0238414 0.0076987
648 0.0060752 0.023124 0.0074681
649 0.0060983 0.0234971 0.0076663
650 0.0061067 0.0256211 0.0079718
651 0.0061256 0.0243782 0.0077975
652 0.0061537 0.0235835 0.0076678
653 0.0061703 0.0249298 0.0078253
654 0.0061753 0.0238288 0.0079193
655 0.0062165 0.0247018 0.0080616
656 0.0062275 0.0245081 0.0082987
657 0.0062474 0.0242717 0.0078809
658 0.006262 0.024263 0.0079788
659 0.0062797 0.0251076 0.0090015
660 0.0063072 0.0337202 0.0080257
661 0.0063188 0.0250878 0.0080814
662 0.0063166 0.0255592 0.0083159
663 0.0063437 0.0263327 0.0083248
664 0.0063744 0.0255855 0.0098985
665 0.0063701 0.0259843 0.0084714
666 0.0064008 0.0256219 0.0084476
667 0.0064915 0.0257272 0.0088877
668 0.006447 0.0257282 0.0093528
669 0.0064628 0.0284731 0.0091502
670 0.0064688 0.0266595 0.0085537
671 0.0064904 0.0271339 0.0085758
672 0.0065219 0.0279227 0.0118832
673 0.0065422 0.0264498 0.0090463
674 0.0065571 0.026733 0.0090467
675 0.0065658 0.0278098 0.0091589
676 0.0065529 0.0268458 0.0089963
677 0.0064423 0.0287315 0.0092444
678 0.0064634 0.0271907 0.0088572
679 0.0064852 0.0276569 0.0089919
680 0.0065136 0.0275087 0.008998
681 0.006538 0.0282858 0.0093766
682 0.006562 0.0286488 0.0091926
683 0.0065873 0.0290095 0.0166489
684 0.0065917 0.0279104 0.0089268
685 0.0066161 0.0279392 0.009095
686 0.0066224 0.0280495 0.0091322
687 0.0068378 0.0299819 0.0112042
688 0.0066623 0.028733 0.0095269
689 0.0066546 0.0299817 0.0106819
690 0.0068949 0.0318216 0.0093326
691 0.0067318 0.0282085 0.0092436
692 0.0067533 0.0297246 0.0091567
693 0.0067797 0.0280637 0.009203
694 0.0068316 0.0314318 0.0100093
695 0.0068979 0.0344116 0.0100176
696 0.0067963 0.0308418 0.009855
697 0.0068607 0.0330774 0.0100226
698 0.0070741 0.0304377 0.0099722
699 0.0071594 0.0309925 0.0107287
700 0.0070702 0.0320836 0.0100845
701 0.0071223 0.0305887 0.0100474
702 0.0072191 0.0317789 0.0101161
703 0.0071341 0.0324651 0.0101849
704 0.0071515 0.0316496 0.0100306
705 0.0072152 0.0344953 0.0096355
706 0.0070616 0.0289086 0.0093957
707 0.0072758 0.0317601 0.0101964
708 0.007261 0.0294168 0.0103823
709 0.0072156 0.0311082 0.0102594
710 0.0072334 0.0310158 0.0101742
711 0.0073427 0.0313918 0.0100925
712 0.0072968 0.0309378 0.0099774
713 0.007372 0.031028 0.0102417
714 0.0074474 0.0308528 0.0106698
715 0.0073186 0.0311474 0.012795
716 0.0074577 0.033373 0.0100547
717 0.0074732 0.0329357 0.0113384
718 0.0074609 0.0338606 0.0104288
719 0.0074108 0.0509374 0.0104256
720 0.0074587 0.0523091 0.0096003
721 0.0074648 0.0317497 0.0106639
722 0.0074987 0.0330996 0.0113572
723 0.0075153 0.0319055 0.0241669
724 0.0074956 0.0389685 0.0097141
725 0.007566 0.0331384 0.0108978
726 0.0075942 0.032618 0.0109393
727 0.0076059 0.0316463 0.0109293
728 0.0075775 0.0308468 0.0096162
729 0.0076206 0.0309584 0.0100572
730 0.0076681 0.0311501 0.01028
731 0.0076555 0.0319321 0.0101782
732 0.0076795 0.0311983 0.0110926
733 0.0077345 0.0327967 0.0100964
734 0.0077094 0.0323405 0.010624
735 0.007747 0.0320716 0.0102104
736 0.0077566 0.0303592 0.0100323
737 0.0077761 0.0326014 0.0102544
738 0.007793 0.0330106 0.0111838
739 0.0078194 0.0316346 0.0104923
740 0.0078552 0.0326565 0.0099446
741 0.0078813 0.0309768 0.0101923
742 0.0078929 0.0330068 0.0107155
743 0.0079192 0.0333133 0.0108361
744 0.0078933 0.0432799 0.0106041
745 0.0079295 0.0337573 0.0108397
746 0.0079496 0.0331999 0.011081
747 0.0079771 0.0346308 0.0110183
748 0.0079836 0.0328124 0.0110291
749 0.0081082 0.0353116 0.0111163
750 0.0080312 0.0336656 0.0109608
751 0.008059 0.0345757 0.0126141
752 0.0080853 0.0346767 0.0118704
753 0.0081058 0.0372295 0.0110619
754 0.0081118 0.0361309 0.0121699
755 0.0081419 0.0365436 0.0109796
756 0.0081517 0.0338594 0.0112002
757 0.0080558 0.0347682 0.0114199
758 0.0080788 0.0348748 0.0119213
759 0.0080881 0.0363998 0.0122364
760 0.0080875 0.0377948 0.0127011
761 0.0080714 0.0387968 0.0121653
762 0.0082349 0.0504493 0.0122244
763 0.0082113 0.0369239 0.0121772
764 0.0082463 0.0375612 0.0140725
765 0.0081998 0.0376722 0.0135582
766 0.0085106 0.0377591 0.0122958
767 0.0083195 0.0406134 0.0131778
768 0.0083543 0.039868 0.0129242
769 0.0084832 0.0374267 0.0138837
770 0.0084587 0.0376517 0.013384
771 0.0085488 0.0390827 0.0124635
772 0.0085787 0.036979 0.0125537
773 0.0086037 0.0376387 0.0139905
774 0.0085983 0.0354392 0.0115523
775 0.0085634 0.0357328 0.0117681
776 0.0085847 0.0361475 0.0117802
777 0.0086021 0.0358283 0.0121048
778 0.0086101 0.0362187 0.0120184
779 0.0086506 0.0453523 0.0118492
780 0.0086492 0.0365323 0.0116346
781 0.0086826 0.036315 0.0131218
782 0.0086857 0.0361112 0.0119664
783 0.0087176 0.0363471 0.0117505
784 0.0087595 0.0364331 0.0124434
785 0.0088596 0.0369172 0.0118821
786 0.0088097 0.0383579 0.0123211
787 0.0088394 0.0372387 0.0122692
788 0.0088514 0.0376221 0.0118073
789 0.0088834 0.037138 0.0124128
790 0.0088639 0.037649 0.0125219
791 0.0089068 0.0373117 0.0122924
792 0.0089281 0.0382245 0.0122417
793 0.0089504 0.0377153 0.012349
794 0.0089869 0.0384336 0.0126907
795 0.0090047 0.0383316 0.0125252
796 0.0090052 0.0466098 0.0124409
797 0.0090603 0.0384751 0.0124238
798 0.009069 0.0404705 0.0125238
799 0.0091031 0.0397624 0.0129417
800 0.0090989 0.0401571 0.012282
801 0.0091329 0.0384587 0.0126139
802 0.0090612 0.0406634 0.0135841
803 0.0090702 0.0399368 0.0129785
804 0.0090789 0.0408652 0.0134456
805 0.0090987 0.0400591 0.0142247
806 0.0092899 0.039951 0.0138674
807 0.0093487 0.041322 0.0135158
808 0.0092451 0.0561643 0.0184128
809 0.0092029 0.0404764 0.0132596
810 0.0092268 0.0397221 0.0138154
811 0.0092689 0.0422449 0.0136387
812 0.0092944 0.0504311 0.0131978
813 0.009294 0.042788 0.0148287
814 0.0096583 0.041893 0.0146358
815 0.0094868 0.0428766 0.0143979
816 0.0093626 0.0422564 0.0134335
817 0.009607 0.0422608 0.0135345
818 0.0093705 0.0432944 0.013964
819 0.0094393 0.0477886 0.0144619
820 0.0094404 0.041854 0.0137048
821 0.009643 0.044076 0.0135583
822 0.0096315 0.0431535 0.0149646
823 0.0096581 0.0450923 0.0145232
824 0.0097937 0.0439791 0.0142131
825 0.0097669 0.0441866 0.0146451
826 0.0097142 0.0437947 0.0146108
827 0.0098008 0.0535202 0.0142303
828 0.009819 0.0467472 0.014865
829 0.009597 0.0446191 0.0143105
830 0.0098169 0.0447864 0.0145827
831 0.0098872 0.0450619 0.0148662
832 0.0099152 0.044979 0.0146332
833 0.0097825 0.0436939 0.015797
834 0.0099469 0.043917 0.0144258
835 0.0099629 0.0432482 0.0153692
836 0.0100117 0.0450375 0.0148302
837 0.0100217 0.0510413 0.0146224
838 0.0099982 0.04415 0.0144434
839 0.010071 0.0467069 0.0146093
840 0.0101281 0.045224 0.0144135
841 0.010037 0.0538981 0.0142194
842 0.0100675 0.0448462 0.0167335
843 0.0101387 0.0458837 0.016403
844 0.0102107 0.0480924 0.0146526
845 0.0102227 0.0450182 0.0158304
846 0.010172 0.0455102 0.0145658
847 0.0102209 0.0451211 0.014383
848 0.0102235 0.0431841 0.0143169
849 0.0102648 0.0444437 0.0144489
850 0.0102722 0.0447829 0.0144961
851 0.010301 0.0465692 0.0154707
852 0.010293 0.04488 0.0146527
853 0.0103505 0.0461372 0.0145507
854 0.0103748 0.0451523 0.0161751
855 0.0103882 0.0553015 0.0155367
856 0.0103983 0.0449949 0.0172872
857 0.0104272 0.0472338 0.015171
858 0.0104478 0.0469308 0.0154108
859 0.0104738 0.0462723 0.0150204
860 0.0104862 0.045319 0.0148512
861 0.0105111 0.0466138 0.0164365
862 0.0105804 0.0496357 0.0162873
863 0.0105708 0.0486105 0.0160037
864 0.010607 0.0480808 0.0157613
865 0.0106295 0.0495961 0.0169008
866 0.0108344 0.0481594 0.0168828
867 0.0106897 0.0500172 0.0157334
868 0.0106615 0.0475541 0.015675
869 0.0106663 0.0580276 0.0159829
870 0.0107617 0.0498222 0.0160557
871 0.0107244 0.049928 0.0167914
872 0.0108606 0.0495107 0.0170117
873 0.0108731 0.051619 0.016268
874 0.0108322 0.0513216 0.0170438
875 0.0108482 0.0498822 0.016261
876 0.010968 0.0489818 0.0160824
877 0.0108588 0.0507573 0.0164526
878 0.0109849 0.0693148 0.0166756
879 0.0109369 0.0505627 0.0159372
880 0.0109788 0.0496255 0.0168282
881 0.0110712 0.0517538 0.0259167
882 0.0110107 0.0512645 0.0166687
883 0.0110297 0.0510357 0.0167594
884 0.0111347 0.049828 0.016546
885 0.0111829 0.0521806 0.0175454
886 0.011067 0.052605 0.0179723
887 0.0111086 0.0542539 0.0170672
888 0.01549 0.0691624 0.016323
889 0.0149558 0.0692744 0.0171454
890 0.0158009 0.0693015 0.0170084
891 0.015394 0.0706743 0.0184689
892 0.0159977 0.0695635 0.023125
893 0.0148964 0.0726184 0.0186557
894 0.0148344 0.0691953 0.0176559
895 0.01506 0.0701264 0.0176807
896 0.016238 0.0705922 0.0210031
897 0.0161307 0.0700776 0.0176923
898 0.0150391 0.0722788 0.0177107
899 0.0154685 0.070573 0.0172798
900 0.0162673 0.069872 0.017288
901 0.0162988 0.0710424 0.0177802
902 0.0151157 0.0745516 0.0174997
903 0.0164947 0.0710837 0.0175965
904 0.0155255 0.07085 0.0171733
905 0.0165648 0.0712793 0.0174952
906 0.0164702 0.07259 0.0175663
907 0.0158759 0.0724078 0.0178935
908 0.0164367 0.0707885 0.0178753
909 0.0164459 0.152479 0.0169594
910 0.0153558 0.083296 0.0184575
911 0.0155323 0.0735616 0.0183293
912 0.0157135 0.0704861 0.0173751
913 0.0171661 0.0730997 0.0179929
914 0.015716 0.0740866 0.018993
915 0.0158733 0.0729891 0.0190359
916 0.015492 0.072981 0.0179467
917 0.0156508 0.0731051 0.0181405
918 0.0157959 0.073558 0.0186771
919 0.0155613 0.0833485 0.0182634
920 0.0158945 0.0728563 0.0182424
921 0.0159017 0.0739795 0.0188745
922 0.0159068 0.0758002 0.0186825
923 0.0158046 0.0805617 0.0199324
924 0.0160657 0.0745414 0.0184869
925 0.0161095 0.0744934 0.0195785
926 0.0164024 0.0831568 0.0188718
927 0.0159279 0.0744862 0.0196247
928 0.0162533 0.0853771 0.0195525
929 0.0160965 0.0752013 0.0199046
930 0.0161416 0.076251 0.0188026
931 0.016342 0.0758415 0.0190964
932 0.0161548 0.0793044 0.018798
933 0.016255 0.0775894 0.0192009
934 0.0162623 0.0763003 0.0191801
935 0.0163218 0.0760633 0.0198123
936 0.0163045 0.0804197 0.0200069
937 0.0164224 0.0885906 0.0201469
938 0.0165376 0.0764265 0.0193174
939 0.0163486 0.079995 0.0204037
940 0.0164074 0.115432 0.0289005
941 0.0164773 0.076326 0.0194076
942 0.0167121 0.0786019 0.019232
943 0.0165057 0.0784397 0.0200394
944 0.0165829 0.0768993 0.0190917
945 0.0181888 0.0850871 0.0197106
946 0.0168785 0.0791278 0.020362
947 0.0166865 0.0797083 0.0203231
948 0.0168163 0.0761523 0.0194084
949 0.017988 0.0799748 0.0195189
950 0.0181658 0.0824931 0.0215657
951 0.0170439 0.0809843 0.0201314
952 0.0169541 0.0800116 0.019875
953 0.0169351 0.0887598 0.0203811
954 0.0169512 0.0810838 0.0199481
955 0.0174125 0.0821635 0.0205899
956 0.0170688 0.0811898 0.0203237
957 0.01853 0.0844771 0.0204341
958 0.0184354 0.0816985 0.0203114
959 0.0181302 0.0836374 0.0204141
960 0.018639 0.0819055 0.0206675
961 0.0172782 0.0940664 0.0214772
962 0.0186646 0.0866675 0.0217238
963 0.0173584 0.0859187 0.0210681
964 0.0188142 0.0853317 0.0216856
965 0.0174357 0.0829516 0.0207881
966 0.0188453 0.083363 0.0209684
967 0.0192496 0.0910142 0.0212366
968 0.0177685 0.0833419 0.0214302
969 0.017435 0.0922211 0.0207669
970 0.0176019 0.0840025 0.0205502
971 0.0175382 0.0842084 0.021697
972 0.0178942 0.0822421 0.0198983
973 0.0190835 0.0858123 0.0209384
974 0.0191107 0.0849823 0.0208345
975 0.0193202 0.0851769 0.0223969
976 0.0191163 0.0848746 0.0210278
977 0.0195302 0.0887599 0.0210986
978 0.0190714 0.0874788 0.0221899
979 0.0192046 0.0853947 0.0221032
980 0.0180375 0.0879931 0.0207118
981 0.0180118 0.0853181 0.0215227
982 0.0180697 0.086064 0.0213277
983 0.0195974 0.0874122 0.0214086
984 0.019462 0.0840586 0.0213204
985 0.0197164 0.0882001 0.0215141
986 0.0187742 0.087217 0.0223159
987 0.0195928 0.0871138 0.0221606
988 0.0183224 0.0919597 0.0215274
989 0.0182151 0.0882932 0.0221884
990 0.0183014 0.0870707 0.0217435
991 0.0187505 0.0890714 0.0226018
992 0.0149226 0.0955231 0.0225233
993 0.0139243 0.093103 0.023615
994 0.013835 0.0864273 0.0223448
995 0.0150133 0.0876904 0.0221914
996 0.0151165 0.0868077 0.0224841
997 0.0151256 0.0883348 0.0225965
998 0.0151013 0.0887972 0.0228603
999 0.0151027 0.0888538 0.0226795
1000 0.0148525 0.0961463 0.021543
1001 0.0142318 0.0902767 0.0224738
1002 0.0154772 0.0896166 0.0281485
1003 0.015295 0.0910902 0.0227906
1004 0.0152146 0.0903081 0.0218503
1005 0.0153633 0.10306 0.0221662
1006 0.0141348 0.0906329 0.0224903
1007 0.01537 0.0906985 0.023233
1008 0.0156456 0.0958399 0.0235988
1009 0.0143663 0.0921284 0.0231615
1010 0.0144573 0.0901414 0.0229664
1011 0.0155503 0.0918251 0.0238419
1012 0.0157586 0.0902431 0.0232484
1013 0.0156514 0.0918452 0.0232417
1014 0.0155389 0.0915004 0.0231966
1015 0.0154598 0.100981 0.02347
1016 0.0147824 0.0924258 0.0235714
1017 0.0154069 0.122948 0.0231722
1018 0.0145684 0.0940137 0.0238294
1019 0.0156227 0.100097 0.0243321
1020 0.0147413 0.0926381 0.0240546
1021 0.0160567 0.0951507 0.0243122
1022 0.0148602 0.102974 0.0248218
1023 0.0146004 0.0983869 0.0261447
1024 0.014669 0.106003 0.0283615
1025 0.0148864 0.097293 0.0245852
1026 0.0148373 0.0955077 0.0242827
1027 0.0149202 0.0950783 0.0247958
1028 0.0150162 0.0929631 0.0236797
1029 0.0148966 0.0938744 0.034995
1030 0.0148378 0.0949235 0.0240909
1031 0.0151634 0.0951648 0.0239725
1032 0.0149859 0.0971271 0.0238574
1033 0.0151018 0.0957674 0.0244812
1034 0.0148867 0.0944751 0.0242701
1035 0.014958 0.095761 0.0243245
1036 0.0151314 0.0946708 0.0235949
1037 0.0152367 0.0959954 0.0249612
1038 0.0151734 0.0964417 0.0239153
1039 0.0153175 0.0960684 0.0266559
1040 0.0161647 0.097616 0.0253651
1041 0.0152027 0.0986697 0.0424868
1042 0.0152419 0.096589 0.024685
1043 0.0153217 0.0972405 0.0249164
1044 0.0154028 0.0999805 0.0240195
1045 0.0155363 0.0971226 0.024556
1046 0.0153733 0.0985881 0.0274781
1047 0.0152942 0.0983589 0.0256639
1048 0.0155462 0.0959923 0.0238039
1049 0.0154089 0.0993534 0.0260461
1050 0.0155901 0.0990637 0.0249731
1051 0.0155634 0.108526 0.0250262
1052 0.0156955 0.0971651 0.0245994
1053 0.0159801 0.0998172 0.0263872
1054 0.0155472 0.0994933 0.0248737
1055 0.0157641 0.100364 0.0257475
1056 0.0156713 0.0986993 0.0252544
1057 0.0158697 0.109156 0.0275073
1058 0.0158438 0.10494 0.0245942
1059 0.015707 0.0990455 0.0247757
1060 0.0157684 0.0995415 0.0256058
1061 0.0159438 0.100882 0.0253802
1062 0.0158023 0.101171 0.025378
1063 0.0158957 0.100612 0.0256223
1064 0.0158708 0.100132 0.0259019
1065 0.0161576 0.101426 0.0258151
1066 0.0172618 0.141229 0.0588681
1067 0.0172605 0.104167 0.0265004
1068 0.0159966 0.114719 0.0247572
1069 0.0160656 0.10381 0.0260018
1070 0.0159931 0.102804 0.0262603
1071 0.0162527 0.115044 0.0263834
1072 0.0176131 0.103635 0.0259285
1073 0.0161108 0.107046 0.0264951
1074 0.0161652 0.108016 0.0274126
1075 0.0165463 0.119616 0.0275596
1076 0.016184 0.105173 0.0269659
1077 0.0180096 0.107525 0.0272134
1078 0.0163245 0.107924 0.0268797
1079 0.0163695 0.107989 0.0272754
1080 0.0162854 0.106326 0.0263794
1081 0.016617 0.108689 0.0265716
1082 0.0163662 0.106843 0.0271104
1083 0.0179415 0.108146 0.0273164
1084 0.0177933 0.117127 0.0264676
1085 0.0166491 0.107065 0.0267166
1086 0.0165031 0.107432 0.0268236
1087 0.0180354 0.111068 0.0265316
1088 0.0166589 0.109252 0.0267598
1089 0.0167341 0.108837 0.0267652
1090 0.0167531 0.117907 0.0264818
1091 0.0167531 0.107554 0.0270395
1092 0.0179369 0.110812 0.0282892
1093 0.0177392 0.109268 0.0284141
1094 0.0169013 0.110681 0.0281874
1095 0.0168602 0.111395 0.029396
1096 0.0181774 0.106629 0.0264719
1097 0.0170243 0.10935 0.0277156
1098 0.0171238 0.121862 0.432772
1099 0.0169665 0.123624 0.0269966
1100 0.0183017 0.117862 0.0281182
1101 0.0169728 0.109963 0.0285123
1102 0.0183151 0.109781 0.0307629
1103 0.0170422 0.109775 0.029249
1104 0.0174087 0.129975 0.0271232
1105 0.0185444 0.111054 0.0278075
1106 0.0185102 0.113781 0.036598
1107 0.018747 0.112556 0.028881
1108 0.0174286 0.110177 0.0312157
1109 0.0173263 0.113072 0.0289246
1110 0.0172984 0.113744 0.0287041
1111 0.017289 0.117637 0.0301101
1112 0.0173288 0.112591 0.0368974
1113 0.0175209 0.113942 0.0303515
1114 0.0174166 0.115455 0.0314394
1115 0.0173497 0.114948 0.0305749
1116 0.0173615 0.112842 0.0293048
1117 0.0174482 0.115861 0.0308944
1118 0.0174268 0.119265 0.0386301
1119 0.0177859 0.115601 0.0286588
1120 0.0175849 0.113334 0.0323121
1121 0.0178121 0.114082 0.0284328
1122 0.0177426 0.112549 0.0288001
1123 0.0177531 0.114312 0.0292582
1124 0.0177666 0.116995 0.0286753
1125 0.0178654 0.114488 0.0285822
1126 0.0176825 0.116289 0.0304276
1127 0.0177853 0.116232 0.0303469
1128 0.0179231 0.113754 0.0288609
1129 0.0180376 0.11942 0.029524
1130 0.0178467 0.125228 0.0312617
1131 0.0183112 0.118132 0.0310638
1132 0.0180905 0.116546 0.0307348
1133 0.0183981 0.118084 0.0304932
1134 0.0179983 0.137332 0.0292117
1135 0.0180422 0.117398 0.029676
1136 0.0184313 0.117907 0.0380123
1137 0.0183721 0.118939 0.029994
1138 0.018153 0.117719 0.0299213
1139 0.0181379 0.120386 0.0305657
1140 0.0182471 0.117422 0.0299969
1141 0.0182464 0.12052 0.0313025
1142 0.0184195 0.126202 0.0304931
1143 0.0183435 0.123242 0.0310744
1144 0.0183646 0.168757 0.0306118
1145 0.0183411 0.115676 0.0314048
1146 0.0184221 0.116896 0.0311462
1147 0.0183948 0.179525 0.244699
1148 0.0184408 0.114083 0.0311803
1149 0.0186057 0.117763 0.0317568
1150 0.0185854 0.12234 0.0346756
1151 0.0184871 0.118068 0.0321003
1152 0.01879 0.120665 0.0307783
1153 0.0188166 0.114041 0.0307992
1154 0.0186604 0.117479 0.0313898
1155 0.0188578 0.113183 0.0315414
1156 0.0190447 0.113324 0.0326783
1157 0.018766 0.119266 0.032354
1158 0.0189519 0.118891 0.0301519
1159 0.0187676 0.115403 0.0312531
1160 0.0188617 0.117204 0.031384
1161 0.0189667 0.116714 0.0313937
1162 0.018885 0.128501 0.0315754
1163 0.0189746 0.119139 0.0324477
1164 0.0191069 0.122736 0.031632
1165 0.0191695 0.119188 0.0326224
1166 0.0191778 0.118716 0.0317852
1167 0.0192401 0.119116 0.0322846
1168 0.0190537 0.122369 0.031226
1169 0.0192063 0.115693 0.0312871
1170 0.0194152 0.12685 0.0334268
1171 0.0194234 0.119285 0.0328435
1172 0.0192995 0.117112 0.0315372
1173 0.0195026 0.118848 0.0318061
1174 0.0192516 0.118394 0.0332194
1175 0.0197863 0.122202 0.0326195
1176 0.0194194 0.118297 0.0322525
1177 0.0194289 0.118622 0.0367172
1178 0.0194308 0.119759 0.032906
1179 0.0199333 0.120818 0.0353424
1180 0.0207427 0.119319 0.0333617
1181 0.0198148 0.130544 0.033937
1182 0.0193919 0.125396 0.0338219
1183 0.0195221 0.127436 0.0331964
1184 0.0196029 0.121444 0.0327558
1185 0.0196477 0.124423 0.0332468
1186 0.019781 0.122665 0.033022
1187 0.0197656 0.130143 0.0330335
1188 0.0196613 0.123575 0.0326785
1189 0.0200692 0.125037 0.0337704
1190 0.0199271 0.134659 0.0333308
1191 0.0198219 0.129972 0.0352692
1192 0.019939 0.137419 0.0348807
1193 0.0201695 0.127358 0.0343786
1194 0.0199607 0.131975 0.035534
1195 0.0201899 0.131512 0.0353525
1196 0.0201938 0.127531 0.0341588
1197 0.0205842 0.130906 0.0342177
1198 0.0201675 0.146327 0.034217
1199 0.0201706 0.131328 0.0365491
1200 0.0201335 0.129438 0.0346641
1201 0.0201693 0.129446 0.0344511
1202 0.0201388 0.129429 0.0345392
1203 0.0202968 0.133913 0.034252
1204 0.0202616 0.126767 0.0336145
1205 0.0203594 0.130152 0.0339416
1206 0.0202651 0.1331 0.0359045
1207 0.0217293 0.131394 0.0343652
1208 0.020598 0.13578 0.0343397
1209 0.0204588 0.132194 0.035109
1210 0.0205613 0.131227 0.0343285
1211 0.0205227 0.130491 0.0377795
1212 0.0206729 0.129438 0.0347672
1213 0.0207717 0.134586 0.0427206
1214 0.0208417 0.140356 0.0382232
1215 0.0207907 0.135393 0.0365107
1216 0.0207419 0.132279 0.0471805
1217 0.0207938 0.138706 0.0355604
1218 0.0208174 0.134056 0.0345632
1219 0.0209142 0.133231 0.078098
1220 0.0208047 0.136148 0.03483
1221 0.020916 0.132837 0.0361752
1222 0.0209087 0.13613 0.0351652
1223 0.0210573 0.136612 0.0447949
1224 0.0209705 0.132487 0.0354367
1225 0.0213276 0.136706 0.0359843
1226 0.0211112 0.135945 0.0389012
1227 0.0212021 0.137471 0.0380884
1228 0.0211973 0.13561 0.0361888
1229 0.0214854 0.135765 0.0360592
1230 0.0212173 0.136909 0.0371969
1231 0.0213364 0.139221 0.0381512
1232 0.0213043 0.135562 0.0360278
1233 0.0216135 0.136023 0.0358584
1234 0.0212885 0.135273 0.0370533
1235 0.0215111 0.137092 0.0372463
1236 0.0214799 0.135993 0.0373628
1237 0.0216241 0.142288 0.0378929
1238 0.0214602 0.138809 0.0366246
1239 0.0218581 0.142643 0.0374274
1240 0.0214668 0.136809 0.0366785
1241 0.0215246 0.139465 0.0474019
1242 0.0216942 0.139601 0.0379237
1243 0.0215905 0.142465 0.0387455
1244 0.0218697 0.139044 0.0376185
1245 0.0216744 0.143362 0.0379786
1246 0.0220864 0.139836 0.0379508
1247 0.022069 0.141022 0.0383858
1248 0.02213 0.140621 0.0398371
1249 0.022027 0.139969 0.038806
1250 0.0218818 0.140173 0.0389368
1251 0.0220581 0.142652 0.0389978
1252 0.0220143 0.141076 0.037625
1253 0.0223748 0.143413 0.045434
1254 0.0221058 0.143395 0.0392846
1255 0.0221903 0.142716 0.0393167
1256 0.0222097 0.143049 0.0390014
1257 0.0221111 0.144038 0.0398755
1258 0.0222711 0.157917 0.0397523
1259 0.0222163 0.143441 0.0416309
1260 0.0224342 0.145615 0.0393953
1261 0.0226405 0.14701 0.0401757
1262 0.0232108 0.145965 0.0389882
1263 0.0223119 0.151961 0.0398773
1264 0.0225819 0.143749 0.0385618
1265 0.0223869 0.14435 0.0414103
1266 0.0229235 0.147957 0.0390268
1267 0.022415 0.146763 0.0403814
1268 0.0223854 0.148938 0.0386034
1269 0.0229426 0.149673 0.0404068
1270 0.0226456 0.148884 0.0394971
1271 0.0229471 0.149872 0.0402078
1272 0.0227907 0.145637 0.0478224
1273 0.0227397 0.149836 0.0408916
1274 0.0229601 0.14987 0.0408815
1275 0.0228631 0.15246 0.0419376
1276 0.0230043 0.14977 0.0393767
1277 0.022902 0.149127 0.0405282
1278 0.0233075 0.152995 0.0404648
1279 0.0230695 0.18159 0.0422156
1280 0.0229003 0.149868 0.0409619
1281 0.0230086 0.152777 0.0414719
1282 0.0231724 0.150339 0.0411651
1283 0.02319 0.152623 0.0408399
1284 0.0232939 0.151154 0.0403455
1285 0.0232617 0.157892 0.0434745
1286 0.0231929 0.151494 0.0412095
1287 0.02339 0.151651 0.041441
1288 0.0232392 0.148848 0.0481483
1289 0.0234446 0.150383 0.0412666
1290 0.0236539 0.151852 0.0411921
1291 0.0233874 0.15166 0.0407847
1292 0.0234793 0.151172 0.0407244
1293 0.0233345 0.15586 0.0406791
1294 0.0241071 0.154067 0.0410644
1295 0.0234931 0.164546 0.041954
1296 0.0241485 0.203801 0.0407136
1297 0.0235119 0.159518 0.0460508
1298 0.0235502 0.157026 0.0412281
1299 0.0238354 0.158293 0.048786
1300 0.0240036 0.160432 0.0422945
1301 0.0243027 0.158772 0.0432321
1302 0.0236958 0.157766 0.0422387
1303 0.0246639 0.155788 0.0418654
1304 0.023984 0.161859 0.0417981
1305 0.0243716 0.156182 0.0425492
1306 0.0238891 0.16186 0.0429394
1307 0.0239223 0.156585 0.0421532
1308 0.0239028 0.159467 0.0416627
1309 0.0239939 0.160783 0.0450522
1310 0.0241581 0.139624 0.0525085
1311 0.0242603 0.135143 0.0443281
1312 0.0243535 0.127101 0.0419593
1313 0.0243301 0.13633 0.0428156
1314 0.0240977 0.130065 0.0428505
1315 0.0241682 0.130282 0.0428359
1316 0.0241865 0.128153 0.0427292
1317 0.0247487 0.131491 0.0424966
1318 0.0245867 0.144593 0.0422472
1319 0.0244028 0.134432 0.0431028
1320 0.0244933 0.131629 0.0423586
1321 0.0248953 0.136225 0.0439617
1322 0.0244967 0.132773 0.0431659
1323 0.024586 0.139873 0.0442246
1324 0.0245767 0.134532 0.0429571
1325 0.0245665 0.13391 0.043473
1326 0.0246696 0.132932 0.0435403
1327 0.0246449 0.13406 0.04426
1328 0.0245617 0.138687 0.0451058
1329 0.0248428 0.134569 0.0444684
1330 0.025156 0.134968 0.0437572
1331 0.0246528 0.134307 0.0446442
1332 0.0249553 0.13152 0.0439944
1333 0.0250693 0.141629 0.043683
1334 0.0250458 0.136187 0.0448757
1335 0.0250216 0.151032 0.0461032
1336 0.0250615 0.134536 0.0435458
1337 0.0247788 0.138164 0.0457207
1338 0.0250713 0.143178 0.0463613
1339 0.0251219 0.140586 0.0482281
1340 0.0254081 0.135754 0.0448119
1341 0.0251517 0.164104 0.0443811
1342 0.0252769 0.146874 0.0506739
1343 0.0252494 0.143215 0.046504
1344 0.0253319 0.136422 0.0462147
1345 0.0254868 0.140594 0.0443307
1346 0.0253857 0.146045 0.0444803
1347 0.0253338 0.146732 0.0452881
1348 0.0255988 0.148568 0.0471058
1349 0.025443 0.13993 0.0464596
1350 0.025756 0.146797 0.0453629
1351 0.0256459 0.136244 0.0458165
1352 0.0255202 0.142447 0.0459193
1353 0.0255943 0.140477 0.0476158
1354 0.0255902 0.148081 0.0475884
1355 0.0258491 0.14243 0.0470193
1356 0.0259609 0.137516 0.0504393
1357 0.0258941 0.152696 0.0462059
1358 0.0258489 0.143151 0.0480034
1359 0.0267032 0.15226 0.0473888
1360 0.0257886 0.154393 0.0481223
1361 0.0256974 0.152154 0.0483324
1362 0.0265329 0.143823 0.0482101
1363 0.0260428 0.160562 0.0490982
1364 0.026088 0.145616 0.0479935
1365 0.0261486 0.151795 0.0542572
1366 0.0261202 0.147587 0.0511145
1367 0.0260683 0.158489 0.0494733
1368 0.0268797 0.157624 0.0505234
1369 0.026493 0.151073 0.0484994
1370 0.0262733 0.155973 0.0477305
1371 0.0265699 0.15483 0.0466313
1372 0.0263635 0.144482 0.0469697
1373 0.0264917 0.147465 0.0482336
1374 0.0264473 0.163715 0.0487797
1375 0.0264171 0.14936 0.047693
1376 0.026758 0.147229 0.047798
1377 0.0264866 0.147493 0.0491844
1378 0.0265303 0.154497 0.0480793
1379 0.0265975 0.160704 0.0485097
1380 0.0265744 0.143495 0.0467056
1381 0.0268382 0.15758 0.0478115
1382 0.0267864 0.146521 0.0480022
1383 0.0269177 0.154252 0.0494218
1384 0.0268822 0.156088 0.0509477
1385 0.0272941 0.147364 0.0476893
1386 0.0267771 0.156594 0.0485311
1387 0.0273003 0.150761 0.0498447
1388 0.0289834 0.145771 0.0479398
1389 0.0271942 0.153039 0.0502242
1390 0.0279522 0.159474 0.0492042
1391 0.0272683 0.151368 0.0506215
1392 0.0270901 0.163384 0.0480956
1393 0.0271965 0.149882 0.0491454
1394 0.0272012 0.159397 0.0500143
1395 0.0272595 0.153674 0.0509994
1396 0.0273861 0.14842 0.276632
1397 0.0272995 0.801943 0.134264
1398 0.0274837 0.268594 0.0501711
1399 0.0274341 0.155442 0.0524454
1400 0.0274538 0.162544 0.0569153
1401 0.0273867 0.159076 0.0514421
1402 0.0275101 0.163009 0.0500166
1403 0.0274999 0.155352 0.0520803
1404 0.027605 0.152716 0.0504872
1405 0.0275667 0.160962 0.0523649
1406 0.0282191 0.176623 0.0524094
1407 0.0277025 0.157433 0.0521739
1408 0.0281098 0.172321 0.0504263
1409 0.0278132 0.166878 0.0491695
1410 0.0279971 0.176243 0.0509883
1411 0.0280417 0.156155 0.0507473
1412 0.0279948 0.152316 0.0493324
1413 0.0282529 0.158219 0.0517685
1414 0.0277127 0.176998 0.0511971
1415 0.028258 0.155837 0.0504128
1416 0.0280573 0.174958 0.0499203
1417 0.0281911 0.16228 0.0496631
1418 0.0281169 0.155647 0.0502209
1419 0.028209 0.191501 0.0512086
1420 0.0282836 0.153407 0.0513451
1421 0.0287567 0.166649 0.0537689
1422 0.02833 0.18136 0.0514336
1423 0.0286333 0.156404 0.0525931
1424 0.0283744 0.154303 0.0505875
1425 0.0283754 0.189745 0.0515672
1426 0.0289188 0.190505 0.0510372
1427 0.0284475 0.158012 0.0511493
1428 0.028479 0.177945 0.0531914
1429 0.0287116 0.169166 0.0526257
1430 0.0286088 0.162323 0.0525208
1431 0.0291364 0.183681 0.0531582
1432 0.0289494 0.156091 0.0508843
1433 0.0286385 0.174753 0.0546079
1434 0.0288593 0.18556 0.0538015
1435 0.0290476 0.161766 0.0525918
1436 0.0290264 0.181242 0.0523563
1437 0.0289487 0.167569 0.0522847
1438 0.0290752 0.168001 0.0535741
1439 0.0296013 0.171643 0.0553441
1440 0.0291311 0.184211 0.0509588
1441 0.0290851 0.19073 0.0531804
1442 0.0291687 0.185419 0.0547776
1443 0.029595 0.164812 0.0555691
1444 0.0296492 0.184986 0.0541105
1445 0.0293829 0.171087 0.0538086
1446 0.0293287 0.168925 0.053565
1447 0.0295115 0.18537 0.0558668
1448 0.0295192 0.164058 0.0535466
1449 0.0297609 0.197319 0.0554724
1450 0.0292571 0.163019 0.054062
1451 0.0296205 0.16718 0.054707
1452 0.0296431 0.186972 0.0543464
1453 0.0298289 0.177342 0.0553951
1454 0.0296321 0.189117 0.0554445
1455 0.0297882 0.167987 0.0557002
1456 0.0300176 0.167417 0.10493
1457 0.0301867 0.167747 0.055733
1458 0.0300413 0.197401 0.0538019
1459 0.0297461 0.169143 0.055692
1460 0.0299267 0.190621 0.0536846
1461 0.0300559 0.165543 0.0567153
1462 0.0305376 0.165762 0.0540452
1463 0.0301224 0.168111 0.0600901
1464 0.030472 0.202034 0.0535857
1465 0.0300119 0.169744 0.0566193
1466 0.0300924 0.18916 0.0551445
1467 0.0301612 0.167435 0.0561856
1468 0.0303031 0.174674 0.0554131
1469 0.0304073 0.17123 0.0553537
1470 0.0302077 0.192155 0.0553708
1471 0.0308515 0.170123 0.0567016
1472 0.0312166 0.197558 0.0545958
1473 0.0302623 0.166689 0.0563003
1474 0.0303093 0.169004 0.0556866
1475 0.0301866 0.168487 0.0553053
1476 0.0311975 0.195063 0.0539679
1477 0.0305456 0.198707 0.0573251
1478 0.0305053 0.202346 0.0558962
1479 0.0307424 0.204318 0.0570008
1480 0.0316833 0.194566 0.0568303
1481 0.0307882 0.171906 0.0732735
1482 0.0307255 0.19837 0.0599252
1483 0.0309304 0.176548 0.0587492
1484 0.0309848 0.169611 0.0558346
1485 0.0316359 0.199098 0.058134
1486 0.0309408 0.208471 0.0589547
1487 0.031027 0.183168 0.059582
1488 0.03099 0.197172 0.0579698
1489 0.0310709 0.17632 0.0574198
1490 0.0311306 0.178586 0.0568129
1491 0.0315116 0.209104 0.0582449
1492 0.031201 0.196059 0.057593
1493 0.0316423 0.176387 0.0570699
1494 0.0313827 0.196123 0.0583301
1495 0.0317911 0.187354 0.0575441
1496 0.0314503 0.194637 0.0566145
1497 0.0313165 0.213313 0.0574748
1498 0.0317944 0.17232 0.0563636
1499 0.031372 0.177909 0.0594041
1500 0.0316318 0.204003 0.0581224
1501 0.0318462 0.204121 0.0588519
1502 0.0315648 0.2028 0.0579673
1503 0.0317542 0.203152 0.0592951
1504 0.0317172 0.17977 0.059049
1505 0.0315138 0.213313 0.0587098
1506 0.0322415 0.177806 0.0586849
1507 0.0318347 0.202415 0.0600127
1508 0.0322621 0.202988 0.0572856
1509 0.0320121 0.179021 0.0601377
1510 0.0319767 0.177141 0.0587374
1511 0.0325983 0.20591 0.0625419
1512 0.031892 0.179443 0.0593399
1513 0.0333429 0.20673 0.0593146
1514 0.032627 0.207565 0.0595442
1515 0.0322272 0.185268 0.0590006
1516 0.0322047 0.179597 0.0600591
1517 0.0326677 0.207364 0.0611981
1518 0.0329157 0.186926 0.0601574
1519 0.0324961 0.209286 0.0598773
1520 0.0320147 0.203289 0.0586664
1521 0.0325143 0.272514 0.0590598
1522 0.0324725 0.183571 0.0590142
1523 0.032402 0.182158 0.0609836
1524 0.032375 0.199389 0.0607449
1525 0.0324561 0.209856 0.0618218
1526 0.0327906 0.218588 0.0603779
1527 0.0325814 0.221702 0.0634201
1528 0.0327768 0.21538 0.0595588
1529 0.0327139 0.188496 0.0755311
1530 0.0328717 0.191865 0.061453
1531 0.0329385 0.219694 0.0636292
1532 0.0335235 0.215414 0.0632097
1533 0.0329918 0.191567 0.0636391
1534 0.0329137 0.225998 0.0635062
1535 0.0331597 0.229347 0.0621417
1536 0.0330241 0.1981 0.0705387
1537 0.0333361 0.220989 0.0650437
1538 0.03342 0.227131 0.065825
1539 0.033347 0.199265 0.0662959
1540 0.0331406 0.219381 0.0653765
1541 0.0330725 0.201443 0.0659333
1542 0.0334531 0.198558 0.065611
1543 0.0336176 0.221509 0.0657769
1544 0.0332585 0.215038 0.0621639
1545 0.0335447 0.195388 0.0631763
1546 0.0334862 0.228678 0.0644074
1547 0.0341513 0.193956 0.0623067
1548 0.0337259 0.190904 0.0620247
1549 0.0336663 0.215844 0.0638293
1550 0.0336347 0.21802 0.0635542
1551 0.0336935 0.191855 0.0669682
1552 0.0340419 0.21769 0.0628322
1553 0.0337547 0.192623 0.0634712
1554 0.0365019 0.203708 0.0675158
1555 0.033776 0.233569 0.0641038
1556 0.0339224 0.217382 0.0638455
1557 0.0340756 0.196655 0.0642397
1558 0.0339044 0.23242 0.0632685
1559 0.0342312 0.221738 0.0654821
1560 0.0341529 0.199014 0.0669677
1561 0.0339405 0.200931 0.0653505
1562 0.0345945 0.233218 0.0642636
1563 0.0343254 0.223908 0.0657605
1564 0.0344176 0.199109 0.0651854
1565 0.0349739 0.224599 0.0663955
1566 0.0343449 0.199011 0.0647476
1567 0.0344267 0.228184 0.0654988
1568 0.034764 0.221442 0.0647746
1569 0.0347536 0.193649 0.0650755
1570 0.0346522 0.199628 0.0699866
1571 0.0350234 0.220919 0.0638593
1572 0.0345377 0.193968 0.0637873
1573 0.0348683 0.230082 0.0653265
1574 0.0350876 0.222621 0.0645489
1575 0.034662 0.198322 0.0651917
1576 0.0350654 0.198396 0.0672989
1577 0.0350661 0.239796 0.0661753
1578 0.0351316 0.255265 0.0666987
1579 0.0352799 0.2278 0.0672848
1580 0.0346171 0.203897 0.0663969
1581 0.0348616 0.202772 0.0668413
1582 0.0353897 0.228471 0.0657464
1583 0.034983 0.229212 0.0679704
1584 0.0352922 0.226209 0.0665694
1585 0.0354745 0.205185 0.0669012
1586 0.03637 0.227736 0.0676394
1587 0.0352131 0.201996 0.0672476
1588 0.0355047 0.22495 0.0690797
1589 0.0354999 0.209897 0.0682359
1590 0.0354335 0.243254 0.0672757
1591 0.0358386 0.232394 0.0706631
1592 0.0356284 0.209401 0.0666461
1593 0.0359124 0.212175 0.0685321
1594 0.0363586 0.246099 0.0676982
1595 0.03587 0.238003 0.0688354
1596 0.0360792 0.208021 0.0666571
1597 0.0355452 0.239758 0.0676155
1598 0.036132 0.212978 0.0703701
1599 0.0361688 0.20926 0.0689531
1600 0.035793 0.245298 0.0675827
1601 0.0359144 0.249943 0.0743168
1602 0.036517 0.23124 0.066234
1603 0.0360279 0.206724 0.0707173
1604 0.0367903 0.202868 0.398243
1605 0.0360414 0.249927 0.0675608
1606 0.0361606 0.248898 0.0681558
1607 0.0363093 0.235763 0.0692727
1608 0.0367346 0.246054 0.0699107
1609 0.036781 0.234697 0.0701555
1610 0.0363915 0.234756 0.0685283
1611 0.0363063 0.210957 0.0713597
1612 0.0364518 0.208987 0.0695679
1613 0.0366759 0.211157 0.071676
1614 0.0366419 0.239191 0.0706335
1615 0.036552 0.242868 0.068816
1616 0.0364778 0.235425 0.0692577
1617 0.0365601 0.21407 0.0721265
1618 0.0367571 0.208997 0.0694789
1619 0.0366332 0.255574 0.0695438
1620 0.03668 0.236017 0.0715316
1621 0.0372254 0.213459 0.0712009
1622 0.0369891 0.241684 0.0816395
1623 0.0368325 0.21611 0.0719925
1624 0.0376724 0.243761 0.071092
1625 0.0372384 0.215114 0.0718292
1626 0.036956 0.258494 0.0706844
1627 0.0371514 0.252601 0.10111
1628 0.0371877 0.214536 0.0726155
1629 0.0372121 0.219948 0.0722636
1630 0.0372949 0.264999 0.0724023
1631 0.0375345 0.247338 0.0729713
1632 0.0376135 0.216418 0.0737942
1633 0.0372525 0.241595 0.0701501
1634 0.0374311 0.214974 0.0697381
1635 0.0372134 0.219305 0.071015
1636 0.0373818 0.241668 0.0701528
1637 0.0374371 0.256798 0.0731507
1638 0.0380546 0.256239 0.0731546
1639 0.0381312 0.257082 0.072962
1640 0.0377216 0.21965 0.0742751
1641 0.0379848 0.237769 0.0715118
1642 0.0380422 0.261877 0.0717733
1643 0.038055 0.261573 0.0748036
1644 0.0376997 0.244544 0.0714898
1645 0.0381136 0.218421 0.0717611
1646 0.0379507 0.252642 0.0736073
1647 0.0380988 0.219916 0.0726136
1648 0.0380225 0.248571 0.0722427
1649 0.0379808 0.223473 0.0729084
1650 0.0389043 0.254475 0.0734563
1651 0.0378921 0.232144 0.0738731
1652 0.038374 0.246448 0.0729692
1653 0.0387655 0.22462 0.0903483
1654 0.0385059 0.252878 0.0766874
1655 0.0381417 0.254477 0.0728336
1656 0.0386323 0.222764 0.0742373
1657 0.0385184 0.256252 0.0763263
1658 0.0387025 0.227897 0.0746758
1659 0.03859 0.228166 0.0751863
1660 0.0387147 0.27011 0.0763463
1661 0.0387029 0.259782 0.0753886
1662 0.039692 0.257394 0.0759052
1663 0.0386838 0.234889 0.075754
1664 0.0389063 0.2272 0.07489
1665 0.0387512 0.264878 0.0749188
1666 0.0391708 0.262008 0.0757112
1667 0.0392633 0.233691 0.0745551
1668 0.0386346 0.253095 0.074048
1669 0.0392907 0.228962 0.0749349
1670 0.039016 0.265965 0.074379
1671 0.0396658 0.226498 0.0771817
1672 0.0395199 0.25708 0.0794697
1673 0.0393454 0.230406 0.0762925
1674 0.0392218 0.261922 0.0752477
1675 0.0393279 0.269694 0.0765989
1676 0.0395124 0.229165 0.0759388
1677 0.0393851 0.234291 0.0768445
1678 0.0398136 0.265985 0.0763728
1679 0.039423 0.243677 0.0776303
1680 0.039439 0.278907 0.0760527
1681 0.0393947 0.262397 0.0763061
1682 0.0396082 0.238702 0.0774831
1683 0.0398443 0.268479 0.0774398
1684 0.0398106 0.22813 0.0754193
1685 0.0401578 0.275228 0.0767776
1686 0.0400195 0.274194 0.076475
1687 0.0396182 0.262816 0.0780246
1688 0.0400677 0.259719 0.0765265
1689 0.0402176 0.235401 0.0763389
1690 0.0400356 0.269744 0.0789559
1691 0.039939 0.236961 0.0832449
1692 0.0403874 0.263681 0.0781401
1693 0.0407625 0.270046 0.0782362
1694 0.0400578 0.241919 0.0786071
1695 0.0406053 0.280787 0.0811615
1696 0.0413191 0.267151 0.0773011
1697 0.040297 0.246023 0.0795179
1698 0.0404001 0.352399 0.0777756
1699 0.0404259 0.240118 0.0776533
1700 0.0403011 0.263701 0.0774506
1701 0.0406531 0.269134 0.0778145
1702 0.0407928 0.268268 0.079194
1703 0.0407288 0.241664 0.0815126
1704 0.0404152 0.237871 0.0778088
1705 0.0409114 0.271577 0.0807435
1706 0.041469 0.286828 0.078786
1707 0.04078 0.282455 0.0808944
1708 0.0408709 0.241925 0.0818049
1709 0.0411683 0.243794 0.0817585
1710 0.0416499 0.312279 0.0811045
1711 0.0408231 0.289885 0.0804308
1712 0.0410211 0.277772 0.0793587
1713 0.0412721 0.273379 0.082628
1714 0.0411815 0.243069 0.0811965
1715 0.0417331 0.280528 0.0803257
1716 0.0410171 0.243383 0.0783906
1717 0.0417342 0.27241 0.083298
1718 0.0421366 0.274299 0.0917665
1719 0.0413678 0.245418 0.0797795
1720 0.0412178 0.274295 0.0790244
1721 0.0417138 0.249209 0.0800966
1722 0.041252 0.276432 0.079949
1723 0.0415752 0.279874 0.0807322
1724 0.0416378 0.244926 0.0814486
1725 0.0417351 0.537474 0.174762
1726 0.0418634 0.247804 0.081881
1727 0.0415866 0.281295 0.0823262
1728 0.0420746 0.273896 0.0798636
1729 0.042385 0.277462 0.0875365
1730 0.0420386 0.244004 0.0934722
1731 0.0421547 0.246805 0.110425
1732 0.0419721 0.28022 0.0809237
1733 0.0421047 0.2893 0.0823855
1734 0.0429081 0.281892 0.089363
1735 0.0422908 0.250895 0.0843628
1736 0.04249 0.249623 0.0813877
1737 0.0422105 0.288438 0.081589
1738 0.0422585 0.285417 0.082589
1739 0.042529 0.282753 0.0826284
1740 0.0435793 0.246023 0.081762
1741 0.0425763 0.250992 0.0825598
1742 0.0424491 0.306982 0.0845484
1743 0.0427805 0.293769 0.0832204
1744 0.0433502 0.282596 0.0821166
1745 0.0426558 0.251351 0.0826783
1746 0.0427805 0.25661 0.0836392
1747 0.0427395 0.284808 0.0822831
1748 0.0426551 0.283101 0.0817956
1749 0.0433686 0.284895 0.0844014
1750 0.042644 0.260312 0.084003
1751 0.0427737 0.254534 0.0838242
1752 0.0434456 0.291886 0.0827611
1753 0.0431217 0.292452 0.0842917
1754 0.0434196 0.286275 0.0843035
1755 0.0430821 0.262577 0.0891469
1756 0.0432285 0.290808 0.0843682
1757 0.043358 0.261023 0.0850965
1758 0.0432691 0.290944 0.0860424
1759 0.0433923 0.304554 0.088828
1760 0.043761 0.288988 0.0869869
1761 0.0438946 0.257265 0.0842263
1762 0.0437318 0.905318 0.384125
1763 0.0436086 0.383877 0.0848595
1764 0.0434397 0.286521 0.0965174
1765 0.0437597 0.310985 0.08373
1766 0.0440759 0.260459 0.0855944
1767 0.0439654 0.265605 0.0883932
1768 0.0435723 0.292772 0.085353
1769 0.0439306 0.30057 0.0863926
1770 0.0438247 0.301005 0.0865048
1771 0.043819 0.264204 0.0871006
1772 0.0444442 0.294943 0.0864627
1773 0.0444697 0.259848 0.0884234
1774 0.0444978 0.313069 0.0862784
1775 0.0443633 0.299805 0.0864431
1776 0.0442246 0.258481 0.0875059
1777 0.0443346 0.328099 0.0872364
1778 0.0445245 0.293556 0.0853501
1779 0.044786 0.306946 0.0878014
1780 0.0445119 0.263245 0.0852143
1781 0.0444663 0.343926 0.0867768
1782 0.0444291 0.263689 0.0869959
1783 0.0444347 0.299726 0.0873814
1784 0.044991 0.300951 0.0876455
1785 0.0450723 0.267381 0.0888371
1786 0.0444947 0.301309 0.0905585
1787 0.0448874 0.267546 0.0889776
1788 0.0446755 0.300148 0.0965935
1789 0.0456888 0.314761 0.0897544
1790 0.0449723 0.270535 0.0898044
1791 0.0447242 0.312752 0.0891382
1792 0.0456005 0.262257 0.0869161
1793 0.0449174 0.303373 0.0927093
1794 0.0457699 0.303288 0.0894365
1795 0.045339 0.2685 0.0935757
1796 0.0452808 0.307275 0.0891629
1797 0.0458502 0.270885 0.0896334
1798 0.0452694 0.311811 0.0921093
1799 0.0454038 0.308093 0.0907657
1800 0.0452057 0.273104 0.0918991
1801 0.0463609 0.313431 0.0896906
1802 0.0456444 0.27425 0.0909768
1803 0.0463979 0.312131 0.0915985
1804 0.0457958 0.320069 0.0880517
1805 0.0457041 0.329848 0.0920843
1806 0.0457806 0.306083 0.0897404
1807 0.046121 0.280054 0.0921905
1808 0.0464719 0.31142 0.0911117
1809 0.0462118 0.313046 0.0905226
1810 0.0462887 0.307857 0.0902947
1811 0.0464971 0.309872 0.0918557
1812 0.046115 0.286144 0.0892402
1813 0.0462496 0.312741 0.0917235
1814 0.0458217 0.324748 0.0920615
1815 0.046601 0.330944 0.0915213
1816 0.0465842 0.326034 0.0904475
1817 0.0472228 0.287933 0.0961322
1818 0.0468992 0.345827 0.0929361
1819 0.0462637 0.333616 0.0950256
1820 0.0465075 0.337732 0.0959696
1821 0.0466616 0.326257 0.0952216
1822 0.0465581 0.295721 0.0973817
1823 0.0464622 0.347089 0.0999282
1824 0.0467904 0.326231 0.0974153
1825 0.0468429 0.329603 0.0970485
1826 0.0466402 0.342073 0.0998673
1827 0.0468022 0.30755 0.0969726
1828 0.0467736 0.312717 0.0911324
1829 0.0469965 0.317582 0.091628
1830 0.0477184 0.332119 0.092502
1831 0.0468581 0.319155 0.0947494
1832 0.0477971 0.31451 0.0916022
1833 0.0469801 0.284045 0.0991901
1834 0.0468076 0.32645 0.0944106
1835 0.0474198 0.316651 0.0944067
1836 0.047519 0.316866 0.0940205
1837 0.0475 0.318299 0.0960343
1838 0.0475351 0.382457 0.0913021
1839 0.04786 0.321624 0.0968565
1840 0.0474759 0.332815 0.0930783
1841 0.0477719 0.320829 0.0954655
1842 0.0479558 0.335569 0.0961295
1843 0.0476931 0.29708 0.09672
1844 0.0478999 0.320044 0.0986301
1845 0.0481613 0.340343 0.0946624
1846 0.0482523 0.339624 0.0972796
1847 0.0481357 0.342704 0.0956843
1848 0.0479753 0.37491 0.0936896
1849 0.0486198 0.343283 0.100403
1850 0.0480523 0.336892 0.0973435
1851 0.0484017 0.359146 0.104685
1852 0.0482263 0.314716 0.115374
1853 0.0481327 0.347595 0.102368
1854 0.0482221 0.353642 0.0984169
1855 0.0481734 0.358576 0.0960238
1856 0.0487162 0.342192 0.0952093
1857 0.0485382 0.324078 0.095572
1858 0.0483094 0.325049 0.0962813
1859 0.0486821 0.325065 0.0959851
1860 0.0509501 0.290974 0.100115
1861 0.0491038 0.334678 0.0999158
1862 0.04939 0.590897 0.139885
1863 0.0487412 0.332358 0.0960787
1864 0.0488148 0.327655 0.100066
1865 0.0490035 0.320381 0.0968147
1866 0.0493167 0.334221 0.100069
1867 0.0497687 0.350661 0.0980122
1868 0.0493566 0.335677 0.0966902
1869 0.0497258 0.332528 0.0968957
1870 0.0490765 0.303888 0.0982019
1871 0.0490497 0.337706 0.097622
1872 0.0494973 0.335496 0.102321
1873 0.0492579 0.345003 0.100393
1874 0.0493727 0.34262 0.102629
1875 0.0492693 0.318781 0.099133
1876 0.049423 0.338872 0.107123
1877 0.0496591 0.347722 0.102984
1878 0.0496801 0.354876 0.112708
1879 0.0495127 0.360764 0.1018
1880 0.049949 0.301533 0.106001
1881 0.0501158 0.356613 0.101367
1882 0.0499392 0.348198 0.108142
1883 0.0498097 0.367125 0.101716
1884 0.0500291 0.345005 0.105352
1885 0.0497306 0.38572 0.103117
1886 0.0499457 0.35094 0.100441
1887 0.0502404 0.352765 0.10248
1888 0.0509633 0.305019 0.104763
1889 0.0502093 0.346036 0.10052
1890 0.0504732 0.339231 0.102245
1891 0.051055 0.767912 0.102082
1892 0.0504431 0.34338 0.0979751
1893 0.0506828 0.306653 0.101503
1894 0.0502168 0.353331 0.10055
1895 0.0512546 0.351427 0.101528
1896 0.0505602 0.352972 0.0993517
1897 0.0504531 0.352011 0.104219
1898 0.0506562 0.308753 0.107392
1899 0.0511206 0.350432 0.101953
1900 0.0506582 0.346602 0.0994145
1901 0.0507946 0.382288 0.101186
1902 0.0508324 0.347217 0.10948
1903 0.0510682 0.313498 0.102907
1904 0.0511016 0.357635 0.105701
1905 0.0510525 0.35418 0.103482
1906 0.0515327 0.355049 0.111835
1907 0.0511427 0.351617 0.10414
1908 0.0513632 0.340745 0.108317
1909 0.0517362 0.355095 0.104678
1910 0.0513171 0.374662 0.104142
1911 0.0517523 0.350408 0.106572
1912 0.0514559 0.376736 0.102683
1913 0.0515767 0.374296 0.104133
1914 0.0514486 0.378071 0.118796
1915 0.0515063 0.360571 0.111067
1916 0.0515238 0.324869 0.103667
1917 0.052006 0.359942 0.104831
1918 0.0516213 0.363557 0.106127
1919 0.0522056 0.366145 0.106218
1920 0.0522004 0.365947 0.103625
1921 0.0521253 0.325634 0.104428
1922 0.0526332 0.359951 0.104591
1923 0.0522533 0.384948 0.108702
1924 0.0520996 0.371736 0.103834
1925 0.0518395 0.358525 0.10584
1926 0.0523621 0.324381 0.104637
1927 0.051943 0.384575 0.106201
1928 0.0518792 0.36359 0.103837
1929 0.0526432 0.391473 0.107339
1930 0.0525637 0.404487 0.105832
1931 0.052596 0.385195 0.109047
1932 0.0524035 0.36456 0.115901
1933 0.0526503 0.331684 0.110381
1934 0.0534552 0.378395 0.1107
1935 0.0533478 0.385413 0.109639
1936 0.0525571 0.36892 0.106314
1937 0.0530935 0.372072 0.109522
1938 0.053298 0.33659 0.112219
1939 0.0530698 0.372787 0.106848
1940 0.0534023 0.372036 0.107743
1941 0.0531024 0.376851 0.109612
1942 0.0529045 0.373273 0.106652
1943 0.0532604 0.336337 0.107842
1944 0.0532967 0.387321 0.107499
1945 0.0533831 0.421411 0.113882
1946 0.053416 0.393734 0.107239
1947 0.0534236 0.399585 0.122724
1948 0.05363 0.371957 0.111224
1949 0.0534418 0.332805 0.109613
1950 0.0534126 0.37216 0.109689
1951 0.0538041 0.385288 0.11033
1952 0.0540957 0.381783 0.107621
1953 0.0537204 0.376741 0.112316
1954 0.0540559 0.333077 0.11072
1955 0.0542188 0.462759 0.107876
1956 0.0536998 0.367301 0.115909
1957 0.0541064 0.377312 0.112991
1958 0.0542218 0.376433 0.119392
1959 0.0543708 0.337617 0.110967
1960 0.0540925 0.384471 0.109659
1961 0.0544208 0.39821 0.118194
1962 0.0549793 0.428688 0.113085
1963 0.0546681 0.418569 0.111538
1964 0.0543827 0.429882 0.109641
1965 0.0547445 0.382951 0.115776
1966 0.0542863 0.344384 0.113305
1967 0.0543975 0.384007 0.111792
1968 0.0546837 0.377717 0.111593
1969 0.0544544 0.384626 0.112526
1970 0.0551951 0.380031 0.117713
1971 0.0551557 0.346451 0.114701
1972 0.0546363 0.376769 0.109409
1973 0.0547961 0.391496 0.11227
1974 0.0550185 0.382192 0.111057
1975 0.0557802 0.382044 0.113426
1976 0.0554366 0.350496 0.115425
1977 0.0552051 0.384403 0.112175
1978 0.0556183 0.388666 0.114425
1979 0.054942 0.40693 0.117097
1980 0.0561795 0.395625 0.113205
1981 0.0552844 0.344949 0.11445
1982 0.0552154 0.387933 0.114352
1983 0.0555047 0.385863 0.111057
1984 0.0557766 0.392034 0.112603
1985 0.0552996 0.392457 0.125876
1986 0.0556902 0.350905 0.115498
1987 0.0565474 0.389772 0.115342
1988 0.0556697 0.387653 0.113473
1989 0.0559139 0.403792 0.117023
1990 0.0560574 0.387104 0.11553
1991 0.0555299 0.350397 0.11714
1992 0.0557242 0.386375 0.113667
1993 0.0560659 0.404594 0.114775
1994 0.0557567 0.389834 0.126682
1995 0.0565272 0.420014 0.116088
1996 0.0566065 0.34927 0.112929
1997 0.0564211 0.424237 0.116017
1998 0.0565084 0.413776 0.118506
1999 0.0564794 0.421746 0.115949
2000 0.0561395 0.392333 0.11575
