#Matrix der Ergebnisvektoren
 50.8626   70.458  104.921  161.524  252.211  396.117  623.611  982.695  1549.14  2442.48
  39.407   34.381  27.2323  18.4024   8.4363 -2.05064  -12.411 -22.0051 -30.2406 -36.6091
  39.407   34.381  27.2323  18.4024   8.4363 -2.05064  -12.411 -22.0051 -30.2406 -36.6091

42.0128 42.0383 42.0767 42.1279 42.1919 42.2687 42.3584 42.4609 42.5764 42.7049
41.9966 41.9898 41.9795 41.9659 41.9488 41.9284 41.9045 41.8773 41.8466 41.8125
41.9966 41.9898 41.9795 41.9659 41.9488 41.9284 41.9045 41.8773 41.8466 41.8125

     42      42 42.0001 42.0001 42.0002 42.0003 42.0004 42.0005 42.0006 42.0007
     42      42      42      42 41.9999 41.9999 41.9999 41.9999 41.9998 41.9998
     42      42      42      42 41.9999 41.9999 41.9999 41.9999 41.9998 41.9998

42 42 42 42 42 42 42 42 42 42
42 42 42 42 42 42 42 42 42 42
42 42 42 42 42 42 42 42 42 42

42 42 42 42 42 42 42 42 42 42
42 42 42 42 42 42 42 42 42 42
42 42 42 42 42 42 42 42 42 42

42 42 42 42 42 42 42 42 42 42
42 42 42 42 42 42 42 42 42 42
42 42 42 42 42 42 42 42 42 42

42 42 42 42 42 42 42 42 42 42
42 42 42 42 42 42 42 42 42 42
42 42 42 42 42 42 42 42 42 42

42 42 42 42 42 42 42 42 42 42
42 42 42 42 42 42 42 42 42 42
42 42 42 42 42 42 42 42 42 42

