#Matrix der Ergebnisvektoren
50.8626  70.458 104.921 161.524 252.211 396.117 623.611 982.695 1549.14 2442.48
42.8418 43.6835 44.5253 45.3671 46.2089 47.0506 47.8924 48.7342 49.5759 50.4177
50.8626  70.458 104.921 161.524 252.211 396.117 623.611 982.695 1549.14 2442.48

42.0128 42.0383 42.0767 42.1279 42.1919 42.2687 42.3584 42.4609 42.5764 42.7049
42.0998 42.1997 42.2995 42.3993 42.4992  42.599 42.6988 42.7987 42.8985 42.9983
42.0128 42.0383 42.0767 42.1279 42.1919 42.2687 42.3584 42.4609 42.5764 42.7049

     42      42 42.0001 42.0001 42.0002 42.0003 42.0004 42.0005 42.0006 42.0007
  42.01   42.02   42.03   42.04   42.05   42.06   42.07   42.08   42.09    42.1
     42      42 42.0001 42.0001 42.0002 42.0003 42.0004 42.0005 42.0006 42.0007

    42     42     42     42     42     42     42     42     42     42
42.001 42.002 42.003 42.004 42.005 42.006 42.007 42.008 42.009  42.01
    42     42     42     42     42     42     42     42     42     42

     42      42      42      42      42      42      42      42      42      42
42.0001 42.0002 42.0003 42.0004 42.0005 42.0006 42.0007 42.0008 42.0009  42.001
     42      42      42      42      42      42      42      42      42      42

     42      42      42      42      42      42      42      42      42      42
     42      42      42      42 42.0001 42.0001 42.0001 42.0001 42.0001 42.0001
     42      42      42      42      42      42      42      42      42      42

42 42 42 42 42 42 42 42 42 42
42 42 42 42 42 42 42 42 42 42
42 42 42 42 42 42 42 42 42 42

42 42 42 42 42 42 42 42 42 42
42 42 42 42 42 42 42 42 42 42
42 42 42 42 42 42 42 42 42 42

